4
10
5
2 5 7 3 1
10 20 15 7 5
30
10
3 36 39 3 15 32 49 44 45 49
103 35 54 168 10 181 164 104 157 123
14
100
3 33 46 45 10 4 11 16 35 30 39 12 3 31 46 21 48 21 38 22 23 16 44 4 37 10 7 47 37 35 48 50 6 4 1 16 3 15 21 42 1 44 38 16 15 21 26 36 4 39 50 5 2 17 16 46 38 6 33 7 17 29 22 48 46 11 24 46 18 36 37 8 17 8 26 12 14 24 43 8 25 27 22 33 47 18 33 15 8 42 21 12 13 19 32 19 15 19 50 30
150 376 35 15 8 280 374 329 260 433 385 133 78 416 164 275 14 96 259 101 158 232 418 470 471 365 489 440 323 393 65 444 101 4 338 336 145 184 216 57 481 317 381 280 327 387 100 273 467 87 243 5 236 30 223 134 213 45 325 395 400 170 70 497 222 500 98 98 315 283 388 228 170 254 64 116 410 264 212 369 183 380 440 85 351 284 473 380 485 216 191 16 363 100 199 491 496 14 157 248
65 
1000
4 3 3 5 5 7 5 6 10 10 1 4 4 5 4 2 7 2 6 1 2 5 6 2 1 4 6 7 7 3 8 6 6 5 5 6 8 7 3 3 4 3 9 6 7 9 10 10 10 10 1 9 8 1 9 8 5 7 3 6 3 2 10 2 5 10 1 3 8 4 4 9 5 6 9 1 2 3 8 10 6 10 9 1 5 4 6 1 9 10 4 9 10 9 4 6 5 10 6 1 1 5 4 3 5 9 4 2 5 4 9 7 7 5 5 1 8 6 5 1 9 4 9 10 8 2 4 1 10 7 10 5 7 3 9 2 7 5 4 3 2 1 8 7 1 2 10 9 1 2 3 6 10 3 10 8 7 3 3 2 1 6 8 8 7 1 2 3 8 1 2 1 9 6 5 6 3 10 2 7 6 4 9 6 5 1 8 2 8 1 10 5 9 5 2 10 10 1 6 6 4 5 7 4 10 5 7 4 10 1 1 3 5 10 9 4 6 1 5 2 3 6 5 5 3 9 2 10 4 6 6 1 6 9 8 3 7 5 7 2 4 3 6 8 4 2 5 7 8 3 3 5 5 2 7 2 1 9 4 8 1 6 1 6 8 2 7 7 6 8 3 1 4 7 3 6 4 5 1 2 10 5 9 7 8 8 4 10 5 4 7 10 1 7 8 7 8 8 5 1 4 10 9 9 3 4 8 6 1 1 2 1 2 6 1 6 1 2 4 5 2 8 7 10 6 4 2 2 8 7 6 3 1 2 8 9 8 5 6 9 3 6 6 9 3 9 10 8 4 8 9 9 4 3 10 1 10 4 7 1 10 8 9 8 1 10 2 8 7 8 7 9 5 8 8 9 3 3 7 8 1 7 2 10 2 4 10 9 10 1 10 4 4 8 2 4 4 1 4 7 2 6 5 1 6 1 7 9 4 4 10 10 5 1 6 5 4 2 2 7 3 9 2 10 6 1 3 3 3 1 5 8 4 1 8 4 9 10 9 4 5 6 1 6 7 3 3 8 1 4 3 6 1 3 3 2 1 7 7 2 1 4 1 2 6 6 8 7 3 2 7 2 7 2 3 6 3 7 9 7 5 2 8 10 1 7 8 9 6 8 10 6 10 7 7 5 7 4 4 4 10 1 7 9 5 8 5 9 4 6 8 5 2 10 10 3 3 6 9 4 6 10 7 3 10 2 5 9 8 4 5 8 6 1 7 2 7 5 2 9 6 4 6 2 3 8 7 6 9 5 9 10 4 10 9 4 6 5 2 9 6 7 10 7 4 10 6 9 6 1 8 10 7 9 3 10 2 8 9 1 3 6 4 8 9 5 5 10 8 5 6 9 3 8 7 2 3 1 5 8 10 9 7 1 4 9 5 4 3 5 7 7 1 2 5 5 4 1 2 3 9 8 9 4 4 7 1 2 10 8 6 4 7 10 8 7 4 9 9 3 8 6 6 7 8 2 10 8 1 6 7 8 5 3 4 8 1 3 5 6 9 3 5 8 9 2 10 1 8 9 8 4 4 8 4 2 9 6 5 8 10 4 2 10 8 7 10 6 10 8 10 6 1 10 3 4 3 5 1 3 4 9 9 1 7 7 2 9 10 3 7 10 8 2 9 8 4 4 3 10 10 9 10 10 8 4 6 1 2 7 8 10 4 5 7 6 7 2 5 5 9 8 1 3 9 2 6 9 5 9 9 6 8 1 6 3 1 6 8 7 1 4 7 4 7 2 1 9 7 5 5 4 1 6 3 4 1 1 7 9 2 10 7 5 3 4 7 3 4 9 7 7 3 5 4 10 6 7 3 7 4 10 4 6 1 4 6 1 10 10 2 6 8 9 4 6 5 6 9 4 4 3 1 9 8 6 10 10 1 5 8 2 1 5 7 4 8 7 1 9 4 4 4 5 1 2 10 7 6 7 8 6 4 6 1 1 1 7 8 3 10 6 8 1 10 9 1 7 5 10 3 7 5 10 6 3 1 1 7 6 10 9 2 1 4 9 7 3 10 8 8 6 6 1 1 3 5 1 4 10 1 3 7 7 10 9 4 1 4 1 4 8 7 2 10 9 2 7 9 2 4 4 9 2 5 3 4 9 5 3 4 3 8 5 5 8 6 2 2 7 3 1 7 5 2 8 2 6 6 6 4 1 6 10 1 10 10 2 1 10 5 7 3 3 5 8 7 10 8 4 9 4 10 7 3 9 8 7 3 6 9 7 1 5 10 6 10 10 6 3 3 3 9 9 8 5 10 6 6 2
11 4 11 5 18 17 11 2 12 20 19 7 5 1 8 20 3 7 10 4 13 20 17 4 7 11 17 5 3 5 7 8 4 12 11 17 6 4 11 10 7 10 11 8 10 19 20 9 7 3 3 8 15 14 1 10 6 20 19 10 13 10 2 20 2 1 13 6 16 11 11 15 1 18 6 9 10 13 18 14 7 12 15 10 6 16 5 4 3 9 6 14 11 4 10 12 8 17 14 1 12 9 3 3 6 9 10 17 2 2 7 17 4 9 15 2 12 10 20 12 10 13 16 2 19 10 2 12 18 5 12 2 11 17 3 3 3 17 5 15 7 14 19 4 17 11 10 17 17 4 13 15 18 2 18 8 13 16 11 19 10 1 7 2 10 20 19 20 8 10 12 12 11 1 8 7 12 12 10 18 4 14 8 5 8 5 5 15 15 15 20 18 20 8 4 5 10 16 7 17 20 3 18 5 13 16 13 7 11 20 14 6 3 15 18 14 8 9 8 1 6 19 11 4 11 2 20 12 6 20 20 15 9 1 2 5 3 8 12 16 14 16 10 3 9 20 1 8 3 5 3 5 18 14 9 5 4 16 18 20 17 15 20 9 2 15 16 7 14 11 20 17 9 17 10 6 4 8 19 15 15 11 19 8 6 7 9 19 2 4 18 13 13 10 19 14 18 12 9 11 4 9 13 9 20 1 11 10 20 7 11 4 10 3 16 18 5 4 3 4 3 1 3 19 2 10 8 17 5 3 15 10 2 15 12 5 3 15 1 15 11 11 11 15 7 20 8 5 8 15 13 3 10 12 7 1 18 3 6 15 14 14 18 7 6 5 6 14 12 11 6 15 20 19 8 7 5 11 13 4 7 15 7 6 15 12 15 3 16 5 12 7 19 1 14 19 15 20 17 18 5 16 3 9 2 20 4 13 17 19 11 5 12 7 16 18 7 8 11 8 10 10 12 18 9 11 18 12 16 16 10 7 20 7 11 4 8 16 4 9 14 11 2 8 18 11 2 10 6 16 8 14 2 13 5 11 5 14 16 20 10 10 7 13 17 1 18 9 18 10 5 8 11 6 14 12 8 15 9 7 1 18 4 10 6 3 12 11 1 12 10 18 2 13 6 15 4 11 9 10 7 7 10 7 8 12 4 12 18 20 20 3 9 18 3 10 16 9 8 16 6 17 13 12 11 5 9 3 19 5 7 10 2 8 15 11 7 3 7 15 18 1 12 20 20 4 12 13 12 4 15 14 8 11 6 17 19 14 18 11 3 18 15 12 15 10 3 11 18 8 6 17 14 14 20 8 4 14 18 14 11 5 1 17 14 7 4 7 4 11 19 1 3 18 14 2 16 1 20 10 2 11 9 19 7 15 6 1 9 12 6 12 1 11 3 8 4 14 9 19 6 12 11 4 13 6 12 3 6 18 3 16 3 11 1 17 13 3 9 8 11 18 20 4 6 7 17 5 20 2 11 6 10 13 14 3 7 6 8 2 4 6 19 11 12 11 13 1 13 5 12 8 18 7 12 9 8 15 7 14 17 4 8 14 8 9 20 12 15 1 11 19 8 15 5 14 5 8 19 13 6 10 5 4 20 3 11 4 16 5 6 2 6 3 20 10 5 9 6 18 18 14 5 20 10 10 5 3 11 1 20 12 17 16 9 11 15 8 16 14 10 10 13 19 18 4 18 10 5 10 2 5 2 12 4 11 13 12 1 12 19 12 20 13 19 4 3 8 13 18 11 18 1 19 13 6 9 17 20 2 15 6 8 7 1 5 13 20 18 10 20 3 9 15 18 15 8 19 11 13 12 19 4 10 10 4 19 17 20 5 7 18 5 17 3 5 10 7 2 20 2 18 3 19 14 15 16 11 18 16 20 15 17 20 18 17 6 1 20 4 6 16 18 17 12 2 10 10 15 13 4 15 2 15 5 17 3 9 11 12 5 2 9 17 10 18 19 6 17 4 10 14 5 9 11 11 16 5 14 15 19 2 7 6 10 20 20 11 12 13 20 6 19 17 3 4 18 4 16 9 20 11 7 14 17 15 12 3 2 6 10 8 13 7 3 16 8 9 3 12 2 3 11 5 14 10 18 20 3 11 8 6 16 20 13 5 13 6 3 9 16 13 4 2 7 1 6 1 10 3 11 6 14 4 7 1 11 8 11 10 8 9 12 3 7 6 17 20 18 10 11 19 18 16 8 1 3 18 16 18 6 20 1 5 18 2 17 16 19 1 13 9 5 15 14 20 13 9 18 10
401
10000
91 97 43 18 73 80 8 33 82 89 24 44 66 24 94 62 99 86 37 67 51 59 10 70 5 76 49 83 16 42 12 4 87 38 84 41 54 14 27 5 94 25 99 53 60 89 84 34 73 65 94 58 36 62 16 18 84 8 42 10 82 91 55 50 31 22 90 69 17 67 97 8 64 10 86 93 58 46 96 61 52 92 88 95 78 100 93 64 4 51 6 61 92 55 21 69 4 93 11 24 98 88 16 81 87 98 75 32 6 15 19 45 50 10 17 98 44 17 16 36 73 87 85 69 41 42 34 47 55 47 74 54 13 25 43 78 90 11 94 37 42 20 71 64 30 96 58 27 1 93 68 4 84 24 3 61 24 12 74 92 80 19 43 32 67 58 52 97 56 35 62 22 86 20 13 87 83 28 10 85 1 54 21 81 28 46 29 46 24 70 42 30 3 14 46 90 91 50 86 47 6 68 72 40 98 21 75 26 99 64 22 35 8 37 47 33 36 61 94 14 66 95 71 15 2 6 42 30 52 70 29 47 68 93 70 2 43 10 7 81 71 83 1 12 36 80 50 22 92 43 35 47 14 68 71 92 81 94 9 4 93 68 29 72 5 18 62 3 80 97 74 15 30 97 94 12 36 51 33 94 83 100 45 64 98 2 26 36 30 56 75 76 98 94 21 79 12 58 14 47 50 9 30 26 42 60 93 64 47 12 23 90 100 40 58 54 96 87 50 1 6 52 8 91 13 95 80 54 6 47 84 87 46 51 4 61 6 36 76 66 49 89 13 45 77 91 86 56 98 67 18 28 69 50 98 23 81 14 76 66 3 92 9 90 72 33 83 61 7 57 19 67 47 31 56 47 63 80 28 3 24 98 9 56 95 61 3 37 78 24 38 88 73 100 57 48 19 81 44 73 74 49 1 31 50 35 33 23 51 46 85 70 35 48 41 55 27 28 100 18 23 4 13 59 26 99 79 54 100 45 23 30 88 45 77 51 38 75 13 7 59 68 46 50 34 9 80 53 31 36 93 39 42 23 80 83 53 67 81 67 43 38 100 11 21 8 12 93 8 96 47 1 4 99 53 76 20 26 86 64 67 41 35 91 81 1 4 37 17 38 28 92 9 46 97 99 13 56 48 19 67 11 27 91 8 72 99 65 1 71 11 35 44 70 32 96 52 90 3 51 87 8 94 13 85 35 83 61 79 80 62 80 46 67 40 38 64 90 11 61 56 26 100 47 78 66 26 83 44 59 79 59 54 49 31 80 90 59 16 58 8 77 96 89 52 3 5 65 32 17 20 55 21 59 46 74 89 5 14 38 54 96 98 47 20 20 85 86 32 40 100 92 65 89 88 13 66 41 51 11 47 80 93 64 22 85 41 82 13 6 46 70 59 99 100 89 73 35 18 43 76 18 57 11 42 51 94 38 100 12 87 64 17 39 68 100 85 63 16 74 74 77 73 100 12 9 53 22 49 76 74 74 67 59 26 21 61 88 7 69 15 77 43 34 28 28 16 75 37 28 94 18 9 21 49 40 94 5 60 67 51 11 66 8 85 82 6 88 5 3 85 21 99 96 72 80 39 23 35 32 88 88 95 97 44 26 50 96 13 23 58 85 31 50 45 81 96 95 48 37 51 8 78 27 12 38 15 11 9 74 74 21 53 97 18 6 56 54 27 79 58 38 18 24 91 73 46 48 51 11 24 70 39 26 36 46 87 81 36 6 22 13 45 31 93 69 97 29 54 22 72 43 86 99 65 60 76 24 94 25 3 73 17 70 89 12 61 15 6 4 70 72 62 11 76 52 10 18 97 6 14 90 84 10 46 99 7 99 53 58 88 33 14 35 8 97 58 90 37 80 56 55 60 92 72 48 42 64 85 73 35 10 40 43 62 27 55 13 46 36 30 24 4 84 89 73 75 29 43 13 45 57 51 76 33 23 95 44 84 37 14 42 59 5 68 29 97 10 20 95 47 53 12 84 91 54 53 23 84 94 9 8 39 39 15 61 93 8 59 98 54 2 43 27 69 44 59 57 84 25 67 66 60 32 13 3 47 34 90 15 51 66 91 68 28 85 86 12 16 1 38 75 31 96 21 38 25 23 46 95 84 32 87 87 12 82 86 26 25 31 27 60 89 24 12 71 54 54 94 33 72 62 84 29 16 26 29 38 32 30 2 86 37 9 40 23 72 76 60 44 22 100 9 90 48 58 30 13 24 68 8 44 87 18 4 72 90 11 72 59 88 57 45 27 40 65 82 41 79 62 99 55 93 60 64 83 24 86 68 91 23 28 33 81 10 11 46 56 40 65 50 68 44 98 98 55 79 20 44 91 29 26 20 1 25 26 26 43 93 55 99 86 46 99 97 17 74 73 1 21 7 41 34 63 34 51 97 36 62 95 6 76 71 46 33 50 85 2 94 57 72 46 45 60 40 49 10 27 68 35 97 13 2 87 8 95 85 37 54 51 39 75 92 94 69 84 43 44 70 45 19 45 23 2 73 47 67 7 46 74 49 57 72 18 47 36 84 32 10 20 40 53 58 31 30 69 71 34 62 11 18 3 62 31 54 40 33 60 97 93 43 77 59 60 21 93 34 67 74 87 92 80 65 88 2 41 27 47 44 19 30 21 44 41 60 37 33 46 53 84 75 85 64 49 81 41 8 37 78 100 87 78 67 63 91 92 51 35 46 88 46 92 7 27 32 20 11 56 34 37 31 23 22 71 27 23 31 20 49 73 62 52 40 46 91 51 18 27 67 59 4 63 27 1 78 62 79 51 45 55 9 61 79 85 30 48 58 49 52 45 53 48 88 69 18 17 45 84 62 46 7 39 91 57 67 100 19 61 96 83 69 5 54 35 12 18 22 57 34 58 68 88 54 19 86 100 54 72 64 82 79 78 38 50 5 60 12 65 4 32 74 89 81 1 96 3 48 14 85 96 93 78 76 52 58 39 75 2 15 34 88 8 86 17 38 89 35 91 21 28 36 26 30 56 40 16 19 79 66 25 42 32 24 63 81 79 11 18 23 26 67 25 55 72 52 69 71 93 76 86 18 19 49 76 22 87 45 58 89 11 18 24 73 78 95 88 23 4 86 98 14 46 86 64 17 44 40 91 18 45 42 53 84 88 54 97 65 57 9 49 31 29 45 29 49 81 59 65 5 93 95 95 42 34 78 31 89 19 35 4 86 6 30 11 35 7 79 53 23 61 2 70 66 89 74 79 59 76 21 17 9 12 46 34 79 51 99 24 47 93 10 9 100 79 49 10 6 60 40 95 76 61 45 8 27 37 29 4 14 62 79 55 36 47 41 69 75 37 30 48 27 38 34 83 84 86 91 2 14 65 32 67 52 89 33 75 61 39 76 19 24 80 12 66 38 94 7 43 71 38 92 31 99 67 11 83 36 21 62 76 99 1 64 99 35 67 17 76 91 79 63 8 63 93 93 55 59 30 28 14 8 5 12 93 24 18 48 63 29 48 87 69 51 92 39 36 11 34 12 83 63 85 70 32 53 6 51 54 60 73 31 81 16 85 50 25 85 83 80 40 30 56 52 46 9 61 88 54 63 41 68 30 91 67 40 30 33 89 84 33 6 89 36 28 48 100 56 97 8 59 51 33 57 98 13 26 8 82 76 100 49 77 69 40 99 9 39 41 78 59 47 92 78 41 10 45 85 15 18 100 39 30 9 91 12 61 30 86 87 39 78 17 39 83 67 59 13 7 44 92 24 91 1 4 18 18 58 60 28 17 41 71 65 58 61 80 65 32 90 67 90 29 59 80 51 93 95 34 91 77 56 59 43 12 48 92 65 48 10 23 82 44 64 65 31 21 87 98 59 95 9 57 92 74 25 53 45 57 56 46 76 66 77 54 20 93 61 49 73 83 50 97 73 85 33 83 13 29 93 16 17 27 71 7 100 58 83 71 77 28 47 78 79 21 33 63 30 36 57 11 53 19 62 80 67 68 1 33 25 58 34 93 3 41 28 58 75 16 76 88 24 91 85 43 62 99 13 7 81 79 46 77 70 82 35 75 29 7 17 5 46 7 59 28 27 17 84 87 11 64 98 81 7 29 47 12 31 73 21 73 88 30 36 73 82 13 12 40 9 2 21 82 30 95 28 54 61 62 72 24 36 76 20 11 64 78 57 74 98 19 53 91 34 21 1 95 2 82 29 70 67 48 53 54 42 22 98 51 81 48 95 75 88 3 57 65 93 49 84 24 86 92 100 6 89 20 29 7 64 17 7 71 82 37 75 69 5 36 66 1 100 7 61 99 8 19 75 33 8 39 36 16 98 74 61 80 23 51 61 79 46 31 49 4 46 42 64 87 48 37 25 36 17 51 21 94 25 19 81 46 12 44 55 41 44 46 96 56 61 1 60 36 90 92 61 15 34 91 78 57 24 1 54 30 3 77 76 27 38 65 43 62 51 34 8 3 96 70 31 78 5 78 25 44 92 54 6 23 37 93 30 4 14 90 19 67 24 78 69 27 93 2 37 64 46 20 77 98 73 27 11 90 1 45 60 72 66 58 94 21 65 78 10 43 80 23 85 43 62 84 79 94 95 97 5 45 86 96 47 42 33 88 29 65 85 97 64 20 66 30 48 44 93 7 83 11 51 68 45 57 67 33 76 10 91 35 38 95 86 42 52 10 94 88 71 9 25 76 1 63 66 37 12 18 99 54 30 83 83 91 56 39 51 66 66 47 56 43 5 38 23 54 86 3 47 6 51 67 48 15 99 45 26 66 29 71 19 44 58 93 71 63 59 25 39 58 93 98 48 10 63 52 50 44 54 44 16 71 61 4 80 17 33 100 69 27 77 84 44 11 77 35 68 6 39 86 15 89 68 34 91 38 85 43 100 70 19 17 19 41 81 51 26 63 79 10 85 11 7 77 48 73 12 99 83 19 41 50 99 19 88 80 19 13 3 16 58 95 52 69 94 74 72 18 18 38 86 40 7 19 21 95 24 61 100 96 52 86 69 35 66 86 57 28 50 100 18 1 82 38 15 36 85 37 51 57 77 100 36 62 29 58 93 39 95 5 89 75 1 44 66 49 67 100 75 79 18 53 32 17 60 9 62 28 65 41 89 39 21 18 73 33 55 25 69 96 66 1 6 59 93 94 24 18 77 68 63 48 39 77 99 96 39 73 13 84 14 69 62 49 62 93 34 56 82 58 13 22 11 20 87 25 95 71 74 95 31 90 27 32 59 55 65 83 68 27 75 37 52 13 87 40 43 71 43 58 74 12 57 14 42 7 27 34 28 71 40 58 64 7 76 64 53 9 49 7 53 89 32 13 68 85 85 60 48 79 38 43 96 91 37 28 19 22 9 77 46 73 27 85 11 14 28 86 50 54 62 31 67 46 1 63 57 25 81 87 64 92 49 41 40 69 18 74 65 6 98 9 77 98 4 57 29 12 4 10 83 100 86 71 10 73 58 34 51 73 31 38 73 33 80 17 53 43 75 74 97 73 55 16 92 50 19 32 17 7 66 9 13 42 44 53 15 74 96 97 63 96 81 85 52 22 29 26 65 45 99 1 2 63 68 61 38 25 39 74 88 47 38 55 99 97 91 59 94 65 78 81 13 82 67 19 54 54 29 96 17 63 65 73 33 23 18 38 6 23 2 55 65 7 33 31 41 20 78 35 77 65 89 2 48 71 21 45 25 82 39 27 47 51 7 52 9 34 6 91 35 71 62 19 43 77 26 94 14 5 99 81 96 31 31 19 29 34 72 78 62 70 56 13 76 79 32 18 37 67 74 60 63 81 92 8 93 73 86 51 42 29 22 82 58 31 40 82 87 14 43 63 27 83 19 62 83 29 41 56 12 89 75 9 77 36 42 48 58 8 85 6 67 73 79 34 89 62 55 68 93 50 5 49 58 53 58 96 82 39 19 21 98 87 91 14 33 65 42 16 15 11 4 74 10 66 95 87 100 27 75 54 44 61 96 36 30 100 84 69 56 83 90 61 16 73 23 29 30 80 52 6 79 15 60 31 19 45 100 49 64 58 98 46 63 16 75 55 64 23 9 91 13 28 21 14 90 48 47 22 79 60 31 96 37 75 51 23 77 81 17 56 84 8 27 27 76 76 23 28 12 24 60 51 86 49 73 64 27 38 73 22 51 54 12 7 66 92 48 36 5 4 9 27 73 44 81 9 76 73 45 65 54 45 58 60 63 2 72 52 47 52 72 22 75 83 65 76 32 3 44 85 12 37 10 37 68 30 20 2 79 64 66 32 16 74 74 72 51 59 94 64 72 40 84 42 21 71 68 34 60 25 4 26 82 8 5 15 64 88 80 38 53 60 30 8 19 39 21 59 29 36 95 36 34 46 78 35 65 22 85 89 63 53 52 31 48 2 45 20 39 44 41 47 5 12 99 41 90 71 29 75 35 41 75 30 12 48 23 17 26 10 84 83 18 28 16 62 96 72 2 59 47 52 69 21 20 81 28 63 82 41 48 26 84 12 96 40 39 77 62 45 57 12 56 29 31 18 95 9 1 98 52 20 72 71 59 80 59 51 52 31 64 60 100 26 16 42 6 29 79 49 55 64 96 90 35 36 57 69 66 22 5 74 16 77 68 61 96 8 35 25 63 1 55 45 5 65 50 84 99 82 38 98 100 46 1 48 65 50 100 22 38 72 65 54 63 82 18 41 87 32 34 7 76 20 86 59 91 30 18 38 7 37 83 64 28 51 90 17 42 94 27 4 44 100 7 56 51 92 15 8 41 48 1 59 54 52 88 14 88 60 16 73 33 40 57 98 46 63 93 38 86 81 29 70 5 80 40 55 93 64 23 7 61 85 51 20 66 52 88 49 58 10 46 39 49 43 30 83 75 60 61 71 33 19 42 87 75 2 66 11 56 38 55 88 41 59 7 57 31 18 6 71 79 52 34 26 96 72 41 11 63 67 17 82 95 53 1 88 85 13 70 81 48 2 27 44 73 1 77 89 6 37 56 72 79 86 5 44 28 63 80 47 29 19 76 41 19 79 90 46 56 53 57 24 12 49 92 22 44 39 27 87 67 89 11 67 89 90 51 28 36 57 62 79 91 8 89 39 59 13 91 77 48 37 39 63 1 92 79 61 20 20 67 6 3 92 65 33 11 29 40 73 13 47 27 64 84 3 1 79 13 94 1 3 66 77 44 69 31 13 100 50 77 29 40 26 18 3 83 100 13 96 24 100 67 90 50 3 24 75 96 56 36 39 78 28 49 63 42 16 96 53 14 22 53 11 91 54 5 34 58 43 81 8 46 10 85 68 13 45 63 26 30 40 3 16 59 9 80 38 38 48 13 19 28 24 67 56 44 33 44 44 7 99 81 53 37 3 79 48 67 86 78 32 98 52 59 53 64 30 39 29 94 44 79 85 13 77 41 55 84 4 93 100 88 12 12 66 74 61 5 22 36 51 96 51 89 46 55 69 77 98 22 15 29 72 48 34 68 75 34 59 64 76 69 56 58 21 87 61 43 65 5 13 67 76 86 60 82 68 94 90 25 10 13 96 25 60 13 20 49 47 21 96 84 96 73 82 81 53 91 77 44 86 54 9 52 98 76 5 2 43 28 56 76 41 51 11 49 58 21 7 82 32 25 8 55 46 3 54 12 81 54 69 99 39 44 57 64 44 73 29 97 96 56 3 52 70 11 45 86 20 81 35 17 75 77 88 64 71 56 63 53 48 49 65 38 92 6 46 69 38 31 38 85 88 57 16 63 41 64 80 23 25 84 94 46 93 98 73 88 85 43 4 6 14 100 17 32 64 45 23 84 84 81 25 23 66 81 47 61 76 50 84 84 5 8 69 48 62 42 17 46 94 47 76 95 28 60 24 74 88 50 93 8 46 83 48 65 43 2 8 53 31 52 19 68 30 20 21 92 28 39 7 13 23 58 12 77 21 82 89 94 43 59 73 11 12 35 7 43 40 82 87 46 71 37 77 42 41 52 6 58 69 53 88 12 36 13 14 93 27 2 13 11 38 98 32 77 1 75 38 10 35 12 33 55 36 12 53 81 73 69 9 47 65 10 48 2 16 71 69 86 76 12 46 44 15 16 59 12 1 97 35 52 94 38 57 85 31 15 25 81 10 89 53 56 56 37 95 6 98 22 8 40 26 19 11 42 25 70 25 1 40 34 70 82 97 86 32 87 36 63 60 69 41 88 39 58 57 17 32 72 85 13 56 87 35 51 64 82 90 57 32 18 95 99 16 56 23 59 73 83 11 42 18 92 75 49 9 51 74 33 69 82 55 13 43 30 24 95 46 71 10 2 37 9 33 29 39 52 12 11 81 54 34 99 69 9 46 8 12 49 31 55 46 38 3 4 80 47 96 39 19 5 84 93 96 25 100 76 53 35 76 68 79 90 10 23 89 94 71 50 70 88 72 4 22 46 95 45 80 22 64 10 60 29 8 81 68 7 34 38 91 83 49 69 73 82 1 88 42 54 61 9 8 47 69 95 84 91 43 6 52 18 7 28 87 59 12 16 11 72 32 62 76 5 7 9 85 56 60 22 51 81 80 77 9 66 4 4 41 23 1 34 77 10 56 42 27 56 26 34 86 20 62 7 73 90 64 30 76 88 45 69 3 67 56 19 55 56 63 62 87 66 97 72 64 78 28 71 34 58 6 7 41 30 44 67 42 80 87 7 30 68 76 25 86 12 87 60 66 48 4 97 60 54 51 24 48 10 80 3 7 53 3 14 89 60 18 49 46 77 35 34 62 97 8 61 84 27 24 55 23 82 45 44 63 7 92 11 27 2 23 99 73 8 53 60 64 35 16 80 49 67 92 10 71 8 12 74 58 67 46 46 76 40 71 47 2 11 48 49 65 60 92 98 74 40 82 47 98 33 75 29 99 95 48 82 93 22 68 50 10 2 19 5 95 38 15 26 10 79 43 78 53 45 8 25 65 59 26 55 55 20 21 18 89 12 83 70 47 88 15 43 37 39 41 1 19 78 87 48 39 55 11 58 10 55 50 74 41 38 28 61 28 31 32 89 42 99 5 68 59 65 21 100 24 12 27 87 46 97 82 21 98 16 38 3 57 36 66 19 6 96 11 45 56 27 80 11 13 78 74 4 68 77 12 62 22 24 33 14 3 21 10 32 29 93 52 22 55 98 93 12 69 7 87 78 19 34 51 47 35 16 90 41 21 80 99 92 91 69 69 23 100 52 47 45 10 84 12 9 49 27 21 7 47 77 74 59 6 38 91 8 76 97 42 51 20 55 75 24 96 90 61 3 42 100 71 89 48 61 40 63 66 21 59 80 95 32 17 78 92 49 23 3 100 49 46 61 92 59 56 32 87 22 92 18 87 61 9 55 15 97 7 15 31 96 39 12 73 9 93 5 29 76 78 54 49 24 17 79 1 17 51 74 94 82 73 64 56 83 42 98 87 71 34 69 4 86 18 53 80 65 32 19 25 44 64 43 90 63 48 47 73 22 24 58 35 48 24 47 98 33 10 66 54 81 88 55 44 50 29 94 31 10 83 67 86 99 86 44 46 28 56 89 25 99 8 20 23 58 90 5 17 71 51 20 16 36 55 50 37 48 4 44 78 83 24 23 29 29 12 55 49 59 87 20 89 88 52 66 82 39 33 66 9 64 46 10 37 68 13 59 8 10 43 78 39 63 20 59 24 74 55 99 6 87 67 98 95 54 45 99 29 15 89 88 24 17 11 34 53 63 71 60 73 31 12 50 54 75 25 78 46 85 64 85 95 14 50 28 45 45 65 8 46 41 8 24 81 68 17 46 13 99 82 30 96 71 3 65 87 25 59 5 50 63 54 66 93 5 76 4 39 77 5 93 36 77 17 70 37 42 82 12 43 55 81 91 32 22 35 67 10 36 13 4 88 90 39 76 21 85 91 82 78 21 42 90 19 49 11 74 39 84 47 33 78 58 73 67 37 22 29 91 45 4 17 74 64 87 85 70 72 10 24 52 2 34 58 95 98 69 77 47 44 17 18 35 30 39 80 4 75 89 60 15 32 10 58 24 66 45 26 46 42 12 73 84 85 2 54 13 32 8 87 27 78 35 41 34 67 6 87 99 9 69 84 22 10 27 6 56 41 84 70 45 60 79 1 35 88 12 15 62 29 77 72 80 80 19 91 75 2 5 27 36 36 80 33 39 10 89 26 91 79 38 48 97 4 80 33 12 80 36 77 40 67 92 38 45 75 8 56 11 76 91 14 24 41 37 84 100 94 70 26 55 67 54 12 50 22 68 13 10 13 98 84 75 24 2 17 62 58 37 81 42 32 62 28 43 31 70 22 97 31 65 11 7 97 43 24 12 44 73 56 88 16 80 10 53 71 3 57 76 41 22 6 17 87 15 94 60 37 89 100 20 56 95 79 17 38 90 52 29 98 24 65 16 66 92 67 17 79 93 90 91 21 65 71 81 67 16 100 97 96 32 44 61 56 82 51 18 99 44 71 65 12 62 93 83 30 21 72 13 86 52 86 37 53 89 88 75 33 74 41 15 72 63 90 23 28 46 87 91 97 62 61 46 36 74 11 96 19 35 61 90 4 41 1 9 76 69 82 91 97 95 70 7 9 12 31 43 92 93 49 77 92 41 35 35 31 35 85 67 69 83 41 57 70 81 80 91 39 90 77 78 41 68 69 14 78 18 38 70 78 7 44 92 82 13 39 43 43 13 71 61 69 40 38 36 10 39 79 36 92 1 84 76 38 23 99 96 57 2 69 47 29 58 2 49 49 84 89 38 58 51 79 84 83 9 3 11 83 29 32 17 60 37 30 74 83 38 65 74 82 40 4 96 19 50 27 86 78 54 58 32 47 73 26 27 27 77 78 65 10 38 5 79 23 32 11 35 45 33 74 63 67 14 80 88 7 61 81 60 59 83 6 42 5 77 23 60 37 8 58 59 12 69 1 50 2 53 15 34 44 67 44 3 68 30 74 11 24 1 54 32 38 79 100 60 80 49 36 89 69 59 92 37 21 24 71 39 77 75 67 81 36 90 66 22 12 77 91 47 81 15 70 49 54 23 57 75 94 31 64 46 27 96 83 4 97 73 90 71 37 68 85 4 7 33 47 70 22 99 4 53 24 74 28 49 85 54 80 44 46 1 31 43 3 28 55 1 60 22 93 47 33 21 19 49 49 57 69 37 79 39 2 10 86 70 73 35 63 74 100 35 65 55 14 9 70 8 48 48 85 77 50 78 62 40 13 70 16 33 19 12 43 97 52 25 26 69 91 71 16 97 19 14 8 92 40 36 28 61 99 32 7 4 95 10 11 51 52 95 91 87 76 99 46 25 22 49 78 98 99 41 50 51 92 98 68 66 51 91 5 62 46 85 46 59 23 46 77 79 43 92 33 8 42 76 86 85 91 40 36 4 20 65 55 62 70 65 88 48 44 48 22 20 61 87 22 1 14 57 35 13 62 92 23 6 8 64 28 7 83 70 68 41 45 10 30 65 89 54 15 69 99 91 29 70 3 12 100 75 75 82 55 49 45 84 26 92 47 72 67 55 80 46 81 38 92 58 37 48 87 45 95 56 72 42 8 7 21 72 49 83 17 54 38 1 63 83 75 12 37 99 52 35 2 46 42 62 53 67 99 54 2 29 14 6 62 21 35 10 42 63 20 11 36 22 51 52 1 59 82 23 34 53 76 96 43 46 13 35 8 67 76 89 33 7 9 18 58 76 46 54 5 57 10 37 40 99 17 40 23 38 79 98 73 60 51 56 65 54 64 38 44 77 7 10 25 20 83 76 56 84 54 99 92 28 2 3 5 92 36 46 15 92 100 52 57 15 4 79 28 7 52 44 84 95 81 37 67 92 12 82 92 24 5 72 78 72 20 39 52 63 52 94 100 88 24 12 33 56 56 47 32 17 89 65 71 5 87 50 87 23 82 71 17 29 6 100 4 13 14 11 85 28 28 82 27 43 44 68 41 73 23 32 81 35 47 85 1 99 27 16 54 62 76 38 2 60 65 85 32 45 38 80 37 79 40 33 75 63 40 68 30 31 3 69 53 68 10 38 43 12 74 43 68 15 19 82 89 24 4 89 85 84 35 79 72 11 55 39 26 97 6 59 13 37 54 16 1 27 100 57 24 97 46 88 59 53 58 58 63 18 100 47 33 18 7 57 3 48 27 39 36 83 67 85 16 14 48 5 51 41 14 58 27 86 85 45 73 27 43 26 60 97 12 81 93 45 37 54 13 66 25 87 26 76 77 74 75 62 84 74 32 91 90 39 89 80 30 77 37 94 97 11 91 79 48 57 66 7 22 92 23 15 71 61 98 66 15 33 53 3 50 81 88 69 86 12 93 33 27 27 31 85 50 75 72 74 40 11 24 76 12 93 71 74 20 43 42 22 98 49 82 17 33 96 60 70 92 27 30 53 18 69 62 46 68 38 20 90 66 71 62 7 59 40 87 43 55 84 85 25 38 84 40 28 39 80 71 56 11 74 52 41 80 34 89 53 22 40 59 5 86 24 90 21 73 38 81 40 84 86 61 100 52 77 18 53 14 6 77 3 33 96 72 22 14 33 87 38 73 92 99 72 20 62 43 88 74 35 35 8 45 65 82 7 36 85 51 94 83 46 5 94 54 35 23 34 8 55 97 86 4 12 86 93 41 13 95 5 56 51 14 49 17 54 83 92 69 81 37 97 39 56 44 44 22 38 67 24 89 8 10 56 82 45 64 2 91 11 75 9 79 72 61 20 95 51 80 65 50 87 35 9 15 68 17 37 25 52 40 70 50 85 18 57 83 98 88 41 97 58 16 36 98 89 84 79 40 23 18 45 14 57 83 23 17 44 16 98 25 13 58 64 36 76 78 11 82 66 3 54 28 87 62 10 42 12 70 98 99 10 18 4 75 24 10 29 48 90 73 85 44 75 14 15 78 20 100 1 30 25 22 60 3 37 68 70 85 44 57 70 78 40 24 53 14 64 82 41 20 100 3 44 79 65 83 68 76 57 77 51 14 15 93 58 96 50 1 59 54 57 42 78 31 17 42 43 68 37 39 7 10 99 72 5 21 78 93 61 8 48 87 24 31 82 68 41 82 100 94 83 41 85 18 85 51 68 56 24 17 2 54 6 62 52 90 79 2 60 16 89 28 90 18 26 5 7 78 21 45 25 36 49 3 86 29 24 98 30 55 5 80 70 32 3 56 16 64 99 41 70 44 97 24 40 80 89 37 45 99 83 80 87 45 23 69 14 13 63 49 21 62 74 34 90 93 97 28 97 74 79 85 26 56 1 52 72 36 19 37 46 14 48 51 85 6 2 94 29 18 1 83 85 39 73 7 37 47 41 69 56 33 65 13 51 37 55 24 53 63 74 9 24 99 28 75 67 63 85 74 69 30 42 25 3 66 39 24 78 69 39 28 80 39 44 6 93 61 10 84 75 8 28 1 47 42 44 3 58 11 16 36 73 62 23 44 18 17 47 83 97 99 1 17 4 17 77 5 3 92 42 58 27 98 50 7 45 91 83 29 96 70 50 97 75 68 98 70 81 77 77 11 76 100 54 74 27 36 70 42 52 49 77 83 49 21 27 3 79 77 52 41 81 83 16 68 29 47 17 33 22 25 67 100 38 53 63 33 54 77 12 48 9 31 28 73 41 38 32 47 59 60 25 24 33 2 2 27 91 44 59 7 45 17 63 91 51 67 29 12 37 11 31 68 90 90 100 64 18 40 12 13 95 8 4 92 89 62 69 52 87 10 16 45 85 85 63 28 15 76 46 61 25 12 100 20 66 77 45 46 65 68 51 54 19 26 61 29 68 67 79 22 32 54 34 88 30 76 37 59 48 36 81 51 24 95 38 10 54 45 32 84 42 19 54 93 42 41 45 36 23 70 1 34 38 48 76 72 80 52 82 41 24 43 94 2 65 78 10 60 88 38 99 57 70 22 89 13 39 24 32 10 24 57 62 93 45 94 45 33 67 52 29 42 90 62 92 15 98 43 95 100 44 46 57 30 80 32 3 92 68 45 66 79 56 43 13 39 97 27 44 79 51 6 23 45 51 58 6 37 1 61 75 14 12 82 72 9 81 26 89 15 20 2 23 89 77 29 48 18 50 18 68 28 90 55 29 65 59 88 92 95 50 67 63 50 44 73 88 24 14 17 33 16 52 50 8 94 87 59 34 69 63 98 54 78 53 41 59 33 67 27 30 69 65 72 56 44 32 83 30 55 8 76 14 21 42 20 24 81 53 42 74 56 88 32 12 96 7 2 80 71 15 83 58 15 2 11 5 83 8 94 12 46 79 29 98 31 82 93 74 84 45 97 46 71 19 30 95 90 44 58 93 8 98 68 73 26 96 31 18 39 82 23 89 3 4 77 78 30 18 30 43 34 35 72 48 9 59 5 90 43 98 45 9 74 97 39 54 50 1 17 28 22 15 65 93 40 76 51 19 83 16 87 71 10 21 83 54 96 38 74 45 3 17 95 51 21 26 70 20 85 26 16 86 97 60 84 93 59 59 30 29 23 69 76 89 85 61 46 28 33 22 67 78 72 27 76 81 65 16 34 15 71 50 32 29 18 13 5 84 73 6 12 34 89 5 18 61 34 19 39 61 63 45 68 89 27 62 9 36 57 26 93 37 57 18 20 4 23 98 12 94 75 66 86 48 51 52 94 78 70 30 39 34 95 16 81 96 25 68 91 45 78 59 6 89 40 54 88 98 23 20 48 52 27 6 34 42 60 13 33 39 55 48 6 67 19 11 47 66 91 99 99 82 22 94 92 45 97 36 57 67 5 26 32 71 73 94 20 62 55 98 44 58 38 45 92 94 18 51 90 18 77 83 43 41 48 58 62 47 40 10 32 39 73 46 71 61 39 25 98 76 60 55 70 74 72 39 77 44 53 32 91 81 97 2 33 54 40 75 10 89 73 46 55 58 26 100 28 98 77 86 58 83 41 24 23 42 54 6 8 89 68 73 86 97 94 9 58 7 80 53 27 78 45 33 51 98 29 19 72 48 33 36 42 23 50 21 34 11 44 93 69 85 95 60 2 39 17 78 96 40 79 71 97 51 92 44 40 81 68 66 43 90 43 59 49 91 29 13 81 20 93 80 66 78 72 74 4 33 64 9 21 27 18 32 5 72 8 92 99 45 52 44 28 3 83 11 83 31 7 20 36 6 54 14 85 42 46 53 84 78 18 39 72 9 93 22 72 83 79 6 98 8 54 2 52 21 100 42 7 53 58 74 66 59 30 38 54 18 95 67 91 41 66 73 45 55 23 54 58 61 26 78 2 55 36 49 27 47 52 85 10 53 6 79 97 20 68 6 1 99 75 7 36 67 77 29 96 39 87 13 49 32 7 33 63 46 87 55 36 71 41 19 17 17 85 27 51 96 71 15 67 96 70 38 20 38 6 29 100 30 16 26 87 83 6 42 21 9 45 20 27 26 78 48 22 38 42 28 79 94 32 53 43 81 7 88 9 7 71 52 74 86 25 46 77 60 43 13 44 16 65 44 10 47 5 51 38 96 17 42 91 35 74 27 69 62 68 7 85 51 34 16 78 9 65 7 51 77 4 73 17 45 40 75 60 87 44 78 36 39 74 39 2 84 29 99 89 69 56 71 81 49 68 9 91 40 24 16 78 18 32 62 7 3 29 40 24 63 41 35 66 77 92 33 59 36 41 43 17 76 53 56 36 70 59 67 1 39 33 9 82 23 33 81 70 62 42 39 45 1 28 62 60 46 29 42 74 58 48 37 78 56 70 41 96 54 48 3 69 82 87 10 98 35 76 28 77 11 43 69 53 78 41 39 2 96 11 39 28 90 18 65 31 65 96 87 22 11 50 8 18 96 75 92 71 5 67 49 84 74 54 100 86 99 24 17 96 9 100 68 32 64 55 78 26 49 17 21 68 28 51 32 75 67 85 6 39 23 9 28 58 10 83 72 69 25 61 60 12 48 13 35 91 60 38 7 17 19 92 33 28 41 47 81 5 5 57 62 73 75 34 2 24 71 49 39 87 29 35 32 56 71 76 38 48 96 99 83 75 7 6 90 8 26 24 30 82 23 8 99 8 38 25 53 29 53 71 7 54 65 85 10 59 2 6 86 54 77 21 16 90 86 96 28 74 6 13 63 4 72 64 51 85 48 14 80 54 79 59 81 11 46 14 15 100 18 96 32 48 16 84 69 39 88 19 64 70 89 70 86 98 57 59 54 69 64 67 17 37 81 34 36 6 74 38 54 66 48 61 21 81 18 1 63 90 57 17 72 4 57 76 8 18 33 7 89 1 18 97 79 63 75 80 91 9 74 43 8 74 68 12 77 92 76 25 6 2 95 89 91 2 33 66 83 86 25 17 95 53 96 62 81 26 92 77 31 8 76 75 75 65 67 2 70 17 76 6 94 30 4 43 30 54 38 23 43 36 27 28 74 97 11 28 38 74 70 42 85 57 73 61 8 99 9 6 55 84 82 54 59 7 90 44 74 36 89 88 81 84 83 7 37 11 88 76 52 60 37 58 18 70 32 53 27 98 8 43 75 77 6 66 12 14 16 18 81 28 2 78 23 86 42 72 24 84 54 51 28 40 67 85 14 15 49 94 28 21 74 58 64 20 28 15 92 86 24 36 3 4 38 33 54 82 73 93 23 6 51 80 86 78 27 31 75 64 45 2 33 25 8 87 86 9 8 49 15 64 69 37 14 63 47 65 24 46 38 74 16 67 59 24 99 83 65 13 51 47 32 77 63 67 42 93 67 58 17 60 96 71 19 47 44 65 46 27 53 4 11 11 59 43 93 40 98 50 71 70 29 86 70 64 59 82 82 30 39 94 97 62 84 30 57 66 18 83 59 66 30 78 2 17 11 78 55 96 50 3 23 72 23 40 39 90 15 27 45 94 2 24 19 22 95 67 89 74 5 61 97 62 9 37 40 81 7 12 92 92 11 20 69 83 23 38 71 66 97 88 65 41 31 23 100 57 58 16 38 93 40 28 42 79 13 15 82 58 26 34 47 40 31 28 86 41 57 47 53 98 45 31 100 18 100 13 77 58 13 15 55 56 98 20 41 83 1 78 25 40 99 37 5 86 54 33 45 44 85 44 21 53 17 97 25 60 67 63 50 47 63 54 59 26 6 9 61 70 75 52 10 23 44 42 61 21 39 62 66 42 25 40 86 70 66 43 51 63 41 34 18 40 70 47 69 69 59 32 17 94 22 27 39 53 18 18 57 55 49 76 98 53 14 24 63 76 99 55 19 5 90 29 2 84 36 1 39 77 100 65 38 22 89 70 57 35 9 21 52 8 30 20 89 92 100 63 82 73 96 62 83 10 96 90 34 21 58 46 28 8 9 65 59 1 75 1 60 76 46 28 85 34 54 80 99 52 28 96 46 100 41 90 5 49 65 58 94 18 85 36 95 85 97 99 33 24 57 1 57 76 41 69 87 76 48 8 78 22 77 35 5 54 40 20 87 91 42 31 99 50 17 53 72 79 57 12 16 27 31 23 75 49 25 73 4 41 74 34 48 83 65 8 10 65 67 51 65 33 37 5 16 23 6 46 64 50 32 5 69 95 77 90 43 32 54 12 71 38 98 78 15 83 36 56 40 96 92 60 6 25 50 37 38 41 45 27 95 36 22 34 35 86 53 42 17 86 85 95 72 28 51 95 9 7 24 64 17 46 52 73 1 67 42 86 28 64 32 30 67 31 25 90 62 9 29 52 12 84 79 37 84 24 97 71 68 25 53 47 37 37 5 79 4 91 36 45 28 25 6 88 29 46 95 71 71 40 56 81 86 29 37 5 80 95 11 7 24 73 1 47 81 85 53 40 35 30 59 62 60 60 92 36 60 98 39 63 49 55 95 20 30 38 44 73 19 84 10 21 52 71 3 41 4 13 72 51 44 16 9 74 60 14 7 18 30 69 22 99 13 42 5 44 66 26 76 45 60 2 84 27 23 89 48 78 41 66 47 15 56 66 6 30 73 57 60 22 40 16 29 33 93 60 18 57 91 84 61 97 25 28 58 52 66 65 81 51 95 13 84 18 28 57 60 67 2 48 1 30 34 4 34 68 27 33 69 63 46 30 23 48 17 41 22 68 55 61 38 81 19 65 31 69 94 16 21 46 36 35 23 96 73 35 29 78 96 67 81 8 75 99 28 34 75 51 82 18 31 96 61 1 35 83 60 6 41 88 50 74 17 94 40 74 18 28 3 80 32 9 61 85 98 3 3 43 37 73 73 42 63 37 79 81 82 88 27 88 61 18 24 82 41 12 30 56 65 13 32 54 96 61 65 5 1 72 56 56 22 10 3 22 17 14 33 56 75 39 38 7 47 38 39 31 15 7 87 71 65 66 1 13 88 91 49 53 12 72 66 91 21 28 12 72 32 55 94 62 98 68 95 17 11 86 92 82 63 11 24 91 98 85 76 40 91 76 91 18 93 61 54 3 18 7 71 65 100 50 62 33 89 45 57 24 67 41 37 35 9 4 51 69 24 83 97 29 28 89 73 74 51 34 23 43 25 92 49 88 56 53 59 65 51 37 69 93 21 48 86 88 80 86 88 87 28 36 83 43 49 5 59 8 54 36 85 34 56 60 78 12 5 82 18 74 56 9 12 58 81 47 68 62 48 71 44 71 95 91 13 3 12 10 60 93 67 27 69 33 82 43 98 11 89 56 65 58 15 89 100 6 93 52 65 77 85 95 93 40 91 30 42 5 25 5 15 86 97 17 61 60 79 51 64 100 74 96 56 63 51 89 26 17 10 99 19 47 34 94 13 24 90 33 84 81 77 95 77 68 74 15 18 42 9 83 37 29 42 70 15 34 91 65 49 23 17 38 38 62 62 49 74 58 57 82 17 99 8 100 97 84 20 57 39 89 61 29 94 71 82 58 75 90 11 84 65 41 10 12 47 69 56 58 66 59 8 87 80 64 18 22 14 87 43 50 82 14 63 29 30 80 17 42 69 28 78 40 88 46 85 30 81 47 21 19 52 97 5 74 19 3 77 67 58 61 60 35 84 22 68 22 24 34 11 17 59 96 35 33 78 21 13 95 79 50 61 41 54 96 18 36 31 2 56 50 87 3 1 12 33 36 40 57 38 75 13 7 99 65 82 12 37 39 72 18 58 88 78 3 59 100 91 55 65 41 71 13 6 91 38 58 83 89 40 59 93 50 34 26 59 74 51 44 19 69 1 94 20 19 74 100 73 100 9 42 76 66 4 28 12 29 58 41 36 56 33 84 58 85 92 34 11 65 58 59 30 32 43 50 19 8 74 51 28 88 91 21 51 51 20 91 62 26 91 82 92 6 23 35 15 7 16 76 57 55 86 9 63 69 33 91 92 85 9 23 22 72 24 31 14 68 48 16 76 9 24 7 65 31 11 63 51 24 38 46 86 61 61 68 21 56 50 17 18 60 11 56 10 8 77 21 13 74 44 97 88 28 56 92 15 64 91 83 80 10 60 57 90 57 10 94 47 17 21 38 38 34 13 7 81 49 92 20 47 30 88 21 70 59 75 71 23 35 13 69 27 66 4 54 23 51 85 54 4 43 51 84 41 74 72 80 49 26 58 11 79 16 6 73 91 29 48 14 18 35 81 9 4 48 23 38 62 10 57 68 57 71 91 10 12 70 36 6 90 96 15 100 5 100 94 51 79 55 86 37 94 15 74 20 69 41 99 27 46 74 16 85 30 83 59 94 53 72 60 16 40 23 7 39 70 26 47 49 53 72 31 57 30 11 55 24 48 62 5 37 68 58 27 49 44 91 9 88 42 84 97 63 65 66 19 85 35 65 60 1 75 95 15 66 38 34 46 46 19 56 52 100 61 79 84 19 13 74 56 96 95 22 62 3 68 21 41 98 85 94 61 24 84 81 2 42 35 82 46 87 18 63 11 31 25 33 30 61 88 46 14 75 72 54 75 87 12 79 38 38 84 64 59 32 3 35 8 46 40 9 4 56 68 29 5 63 47 96 1 71 100 81 18 30 91 31 70 95 22 10 29 75 66 86 20 18 25 78 52 55 57 66 98 22 55 89 63 52 81 98 30 80 44 100 14 35 95 25 10 70 87 97 31 48 52 91 22 27 81 60 71 99 58 36 19 80 67 70 72 50 99 44 59 84 6 13 67 71 17 28 96 47 51 82 29 10 30 68 36 27 10 43 59 59 22 48 11 28 62 23 2 92 28 41 28 43 4 72 71 66 28 15 91 29 51 55 39 71 1 56 16 100 83 16 98 24 66 95 33 86 91 7 36 45 35 89 83 8 55 12 96 87 61 86 85 41 95 18 72 80 23 31 15 6 66 40 13 75 82 24 2 77 50 17 75 41 29 36 3 10 69 77 83 37 88 8 28 10 76 8 32 59 69 1 69 100 31 31 82 80 36 93 7 69 99 31 58 94 51 52 21 24 89 56 8 93 82 92 40 75 98 36 80 98 23 33 29 1 58 20 74 6 93 15 88 79 2 50 65 76 29 16 75 6 9 32 61 64 46 87 79 77 72 52 88 46 68 64 25 5 56 44 88 49 23 10 83 74 33 17 35 47 6 70 2 51 82 91 42 29 17 97 5 65 46 44 36 10 99 53 18 23 33 33 79 17 72 56 2 12 18 3 25 21 84 100 65 69 38 46 85 60 15 99 32 4 10 69 53 97 14 25 28 40 89 35 21 55 35 89 47 52 1 73 80 14 90 54 54 51 85 1 79 39 11 23 44 17 70 57 63 60 17 83 79 30 89 6 74 64 88 37 14 63 12 61 14 4 49 30 37 70 40 63 95 51 91 95 24 48 15 9 30 9 15 33 15 65 6 45 11 8 30 31 82 38 58 67 46 88 25 74 29 23 62 67 9 36 3 87 43 83 91 30 29 29 3 76 93 34 83 69 5 82 71 81 66 32 90 84 56 24 38 90 78 51 49 13 70 15 3 18 25 5 100 48 16 43 90 12 56 90 35 98 50 38 24 43 10 22 33 49 47 18 23 59 49 87 50 95 89 49 72 76 57 1 4 38 91 47 83 16 92 5 82 92 42 13 68 79 100 44 46 6 12 63 22 20 99 15 84 91 62 86 14 19 55 32 10 14 59 87 49 57 74 49 5 20 74 56 43 100 9 19 76 79 24 12 14 87 12 12 47 25 78 28 64 5 73 5 31 22 12 63 87 67 81 74 2 13 32 42 36 80 98 97 86 59 78 62 100 43 31 78 21 36 27 1 81 33 23 95 31 1 100 60 18 31 63 39 28 38 24 4 9 35 30 85 1 80 77 38 13 15 52 63 48 69 87 97 68 65 59 36 100 89 7 85 6 94 4 55 91 22 67 18 56 39 9 33 99 31 68 13 54 91 13 13 10 90 93 96 100 46 74 94 69 44 96 89 96 70 73 55 27 8 29 29 93 2 80 66 100 95 71 38 69 2 65 11 6 33 28 50 47 99 83 86 81 36 60 41 52 79 97 100 44 91 39 39 42 15 12 58 18 73 83 71 91 44 42 62 59 55 69 70 30 4 67 20 13 47 44 36 76 35 31 24 39 68 21 92 37 50 53 88 38 28 92 64 94 46 99 100 53 50 29 45 97 95 95 20 13 54 60 89 100 79 71 81 57 33 60 72 48 3 25 86 79 67 54 94 42 39 11 22 68 97 79 2 83 51 77 85 18 21 38 78 62 50 64 48 48 54 22 11 77 53 76 92 21 41 15 60 7 15 80 11 1 82 79 98 18 100 95 100 76 81 100 79 56 13 75 86 72 92 62 95 23 76 18 99 39 84 68 75 7 25 25 38 59 35 48 29 17 100 27 82 19 6 100 3 6 63 95 11 100 78 97 13 34 64 4 32 35 54 60 18 98 70 7 59 1 61 50 25 2 23 97 69 2 97 33 89 34 67 86 19 87 88 95 65 6 100 59 10 27 57 3 81 18 89 94 95 65 57 2 99 21 67 93 9 34 88 75 22 90 91 64 89 8 41 49 52 98 56 4 72 19 21 40 59 96 48 36 98 95 57 89 49 50 33 54 64 40 87 95 34 97 4 3 97 78 83 31 29 65 46 7 4 41 99 29 15 70 74 42 80 13 47 43 66 32 49 30 56 6 32 5 81 96 22 60 43 16 3 13 25 18 95 38 46 37 48 91 66 15 91 100 15 11 24 59 31 25 67 92 62 84 83 62 30 54 43 36 57 90 40 35 84 93 29 15 57 79 46 91 5 4 27 95 37 29 69 70 92 33 19 36 87 20 21 9 42 26 50 59 11 67 73 40 91 43 50 66 58 66 39 22 98 83 19 30 42 8 11 47 24 13 91 52 69 52 32 65 79 30 93 87 61 68 41 74 78 78 68 91 74 78 77 77 47 53 28 48 92 27 61 43 76 21 23 48 7 71 68 89 51 17 87 44 69 15 56 42 21 92 63 50 81 4 97 10 11 7 44 84 99 70 7 15 69 27 56 23 100 49 71 42 54 33 70 85 17 79 64 65 93 72 38 72 80 18 82 42 42 47 99 62 96 58 47 38 90 96 43 74 6 77 88 21 74 48 32 78 75 81 36 98 4 57 10
389 187 330 688 461 708 253 685 295 751 912 573 678 404 155 166 885 351 691 46 903 94 368 728 201 509 782 464 664 581 743 222 234 396 709 722 992 828 851 341 10 192 142 159 80 836 909 335 219 595 607 788 357 23 242 488 998 608 408 543 191 124 296 495 90 744 562 432 706 325 67 41 164 586 5 166 76 865 779 789 675 976 500 530 310 598 211 930 706 961 706 113 608 603 225 684 381 374 932 171 7 609 772 118 411 284 696 223 832 436 751 273 321 757 67 185 905 897 216 628 612 644 597 821 496 470 837 418 886 627 207 773 316 44 92 615 420 877 510 296 790 204 785 545 401 744 807 471 428 352 275 864 576 947 543 559 328 863 224 468 262 681 420 580 440 487 396 161 492 450 665 10 706 751 534 258 745 982 265 76 391 10 825 236 722 46 192 584 830 985 156 590 955 135 229 804 721 62 193 693 258 240 997 13 823 311 480 881 921 8 553 163 402 627 840 163 320 180 405 326 432 187 133 219 962 644 867 253 926 984 239 997 163 698 378 725 340 948 953 718 631 799 552 415 970 333 370 298 875 671 831 813 176 746 32 419 122 508 601 446 316 99 153 610 471 442 669 857 830 841 266 426 175 975 114 793 555 867 167 460 336 75 407 928 27 59 553 486 370 109 926 291 715 3 551 874 471 67 633 267 264 527 933 301 825 170 671 244 625 452 111 445 674 810 298 367 121 348 988 468 107 456 741 917 53 149 257 255 347 186 176 973 514 136 495 544 280 827 370 384 874 326 424 841 380 620 209 104 216 978 445 966 581 154 450 531 182 362 869 428 2 702 545 399 612 342 974 929 749 704 199 428 769 339 975 28 438 636 51 816 412 322 200 145 643 813 868 321 723 440 478 221 850 66 419 238 709 378 237 907 141 54 446 57 80 336 977 12 9 829 435 910 366 301 722 190 876 183 775 392 477 243 805 10 645 318 193 335 869 597 610 434 353 91 976 378 903 467 680 840 324 919 723 85 600 635 697 883 150 996 562 416 781 649 539 174 608 23 754 377 362 527 279 57 767 778 954 314 675 432 375 38 257 879 631 862 968 292 298 156 588 634 106 634 737 281 689 62 467 976 300 37 197 821 319 230 296 807 768 36 849 563 864 7 182 891 107 2 696 338 589 761 975 173 385 251 793 741 423 95 992 464 497 503 709 951 37 312 281 467 323 228 901 485 47 926 240 383 78 799 957 934 61 956 255 302 902 620 931 606 283 489 108 949 82 406 387 52 957 213 37 472 837 230 400 577 462 119 604 77 480 962 648 579 914 244 843 725 957 137 537 217 357 980 787 697 25 85 844 334 850 314 620 720 230 310 272 199 948 559 550 463 13 497 251 655 519 42 761 908 739 668 962 124 60 276 513 276 827 89 201 293 663 581 972 893 55 424 901 28 916 702 848 304 575 30 802 245 118 142 23 128 286 238 227 732 677 322 689 610 12 674 159 431 910 289 931 263 569 50 207 109 501 587 153 42 800 930 613 846 519 260 354 809 85 473 953 634 199 809 866 317 844 847 538 425 888 948 493 258 231 590 64 680 579 670 510 250 786 6 613 295 749 461 925 792 837 208 159 380 672 964 79 112 435 223 476 535 889 173 856 708 746 582 466 333 392 60 956 657 507 495 129 47 841 958 920 777 759 90 847 58 424 190 672 743 127 146 316 114 250 68 723 479 525 459 559 187 614 625 380 856 395 819 879 555 700 625 510 403 651 305 64 360 161 209 154 541 1000 379 91 958 903 382 957 651 234 328 642 935 137 265 250 557 65 685 981 76 478 719 378 113 629 598 317 884 572 25 165 611 669 907 773 800 237 598 578 999 717 997 883 165 839 485 742 229 769 830 810 989 896 102 178 666 984 9 371 135 846 562 479 207 954 451 857 743 223 722 910 987 264 218 977 797 405 598 474 443 125 79 65 405 689 309 833 56 820 5 342 770 180 258 996 45 665 600 337 151 880 910 121 445 449 55 39 696 810 344 865 987 211 655 171 151 545 858 21 558 848 880 40 734 885 713 996 206 214 920 702 628 889 31 135 987 141 956 378 958 513 385 595 91 904 670 770 197 145 817 394 961 301 683 816 704 291 786 323 527 1000 293 415 517 770 945 936 317 407 273 818 707 700 894 587 266 663 71 520 31 954 926 531 498 398 599 338 843 878 780 823 484 407 871 781 178 302 682 850 228 787 880 274 206 44 120 301 575 795 552 821 414 40 25 417 331 358 443 525 544 736 451 381 751 224 894 718 283 821 617 589 947 811 220 216 85 706 286 256 55 662 926 803 741 157 984 126 196 264 349 279 494 901 105 893 203 232 737 794 251 139 304 988 814 307 372 518 120 700 938 77 881 982 819 417 484 836 814 852 37 961 864 488 5 619 818 550 322 423 282 340 463 849 883 505 794 37 378 152 962 236 845 661 63 658 722 977 322 694 517 115 858 825 2 122 132 784 242 799 899 649 634 196 512 886 35 168 680 131 461 190 685 70 200 507 554 390 627 508 241 882 976 485 525 376 635 551 539 170 809 350 354 257 119 161 124 628 692 71 10 578 455 713 25 104 456 102 181 707 719 22 913 896 705 937 66 891 529 463 816 770 143 549 862 378 650 818 831 658 374 589 863 674 235 922 30 948 856 464 647 845 650 108 316 108 955 393 751 741 778 637 283 299 697 413 760 178 721 926 580 424 829 273 184 138 816 431 138 541 14 113 149 472 944 386 827 612 147 892 153 730 123 417 716 457 55 626 209 892 361 110 645 41 474 496 416 688 825 33 260 917 637 617 927 629 433 166 850 896 889 358 442 544 985 356 492 626 319 929 272 247 57 346 33 308 990 221 93 373 337 46 836 448 333 175 583 947 44 605 874 11 775 194 644 663 15 864 340 324 445 221 409 262 27 183 594 286 532 291 44 253 976 741 851 731 12 718 194 956 524 694 576 550 99 801 879 563 16 956 337 269 611 695 482 380 400 99 618 241 108 580 350 741 829 388 164 668 554 101 207 97 366 320 672 187 937 343 949 196 892 742 631 332 291 705 846 192 732 894 451 897 547 158 584 455 10 111 272 87 596 412 212 363 99 788 752 77 784 779 386 872 205 338 755 147 916 500 662 930 406 475 905 246 434 489 723 233 262 410 555 229 981 22 502 359 105 358 414 716 204 875 681 855 740 263 188 180 935 805 269 546 323 948 396 624 857 802 705 69 227 650 760 890 463 570 31 644 649 270 231 706 712 485 387 766 131 624 153 729 516 141 774 557 352 880 877 122 18 528 61 654 831 124 812 522 77 985 901 74 192 705 63 860 487 935 602 557 758 777 179 747 244 691 22 521 843 393 977 477 817 258 714 453 635 799 60 285 184 743 915 803 522 491 108 971 99 530 480 617 590 571 521 956 819 144 54 955 654 269 422 418 37 355 812 276 672 141 684 853 253 986 672 123 845 795 935 390 411 243 999 114 893 560 386 127 73 218 29 681 389 314 73 944 955 599 456 918 718 58 434 747 691 828 101 169 76 87 627 254 9 42 28 810 303 212 74 72 221 132 928 993 975 828 15 933 707 581 841 380 699 481 461 479 618 479 841 769 264 668 310 748 955 825 23 296 685 410 928 602 744 508 203 793 578 993 344 993 360 382 413 44 352 403 47 159 223 598 416 492 990 264 370 562 37 583 992 701 849 952 92 142 177 238 473 200 920 907 759 529 862 980 797 988 569 113 647 305 48 226 477 329 941 62 382 269 195 541 893 174 951 665 917 238 333 548 728 30 886 524 852 733 268 481 333 384 834 409 516 329 437 560 106 397 163 313 225 362 424 154 388 27 796 1 991 81 397 299 583 398 416 146 43 444 59 156 176 457 493 126 580 698 428 450 177 597 160 437 338 861 505 107 701 353 168 242 862 880 398 348 320 327 177 148 377 909 847 614 569 891 609 39 828 525 709 674 163 348 892 372 716 973 636 537 140 462 668 905 874 294 233 54 3 642 145 963 246 658 697 946 745 62 92 181 301 112 972 18 919 574 608 401 353 72 103 954 686 148 762 266 110 448 954 402 890 934 684 64 193 524 708 884 120 360 499 914 550 401 710 843 232 701 951 67 540 91 199 485 740 409 172 638 247 60 293 521 210 332 739 502 661 300 771 70 921 188 448 551 555 580 655 107 943 616 982 776 916 453 824 412 908 330 576 714 221 976 53 161 467 624 956 131 371 500 638 295 86 384 644 316 468 795 38 50 349 945 401 481 46 728 223 322 807 437 275 941 928 956 188 921 294 607 983 120 789 942 220 809 187 947 899 611 470 788 452 121 966 467 285 793 858 668 660 630 381 849 49 693 476 906 55 132 523 550 709 846 522 764 877 689 596 110 270 699 748 421 646 723 584 503 716 769 307 763 284 820 290 497 333 718 402 77 116 487 332 657 722 292 270 52 510 344 54 340 376 206 418 267 347 688 760 649 333 152 540 603 577 305 331 571 665 978 777 500 797 96 128 286 163 27 60 359 994 855 643 654 757 342 526 941 755 841 925 257 251 815 216 368 940 843 885 883 1 650 403 370 484 720 812 626 348 382 492 742 754 354 815 983 485 386 189 320 639 31 786 700 478 859 622 804 201 439 17 470 56 344 323 786 132 256 504 691 764 937 788 189 594 104 121 1000 447 359 348 617 569 547 468 83 914 522 27 246 578 91 389 307 539 202 943 287 12 177 411 874 351 855 12 895 993 616 88 614 336 222 34 393 922 433 150 192 204 256 682 521 273 756 30 682 670 128 592 631 123 593 422 636 818 145 666 39 51 510 816 259 408 936 368 6 949 591 86 207 712 361 162 910 428 418 666 600 647 288 862 792 831 372 237 17 261 747 76 95 734 298 318 126 765 240 467 885 438 350 45 158 101 228 583 397 879 253 465 828 338 882 932 722 504 876 642 134 650 151 944 315 25 630 307 233 743 604 774 207 13 985 131 510 404 559 41 275 674 453 485 307 108 824 772 829 54 366 876 125 617 557 413 958 5 988 785 427 880 139 593 439 462 840 823 223 918 180 578 486 588 814 137 752 926 87 922 620 151 115 270 686 498 358 368 849 787 394 642 465 91 677 681 933 578 975 981 247 416 158 780 981 402 202 486 559 825 403 628 998 617 132 47 311 964 376 199 213 353 598 250 753 367 570 235 822 202 183 234 495 181 699 367 179 728 691 358 686 162 353 620 357 281 195 13 793 57 948 639 434 306 426 7 317 879 94 478 881 53 270 402 777 149 805 788 509 315 339 252 492 139 215 580 660 380 993 253 427 657 84 918 569 674 58 833 80 403 890 733 625 49 590 679 670 427 16 635 444 622 149 822 78 229 658 774 874 283 235 302 261 706 31 498 626 517 987 701 789 567 333 732 519 660 8 982 186 274 428 31 542 796 460 800 299 98 506 741 409 115 822 442 401 54 275 136 734 292 987 124 352 357 531 92 288 207 393 429 455 882 123 366 419 174 985 733 671 724 426 207 153 542 95 844 92 937 934 640 163 449 990 496 715 6 86 656 349 867 804 752 605 757 743 427 944 630 238 943 810 722 56 935 499 745 18 849 85 210 107 237 736 784 76 274 64 549 866 371 123 225 859 675 127 338 67 882 371 938 497 381 871 48 533 88 259 56 624 278 539 768 20 53 871 102 693 38 639 505 86 89 231 606 897 597 246 975 325 591 49 797 4 944 846 582 880 240 731 662 791 222 836 67 36 290 18 363 56 368 282 143 969 772 67 826 847 887 679 236 418 88 587 167 34 564 748 9 120 521 844 92 87 869 106 75 656 252 852 1 221 146 268 121 19 715 295 43 799 895 726 794 274 681 725 198 737 941 76 921 485 668 638 410 905 962 286 650 132 166 511 349 325 887 73 714 356 150 338 939 939 8 241 924 326 995 143 737 482 757 802 645 108 940 888 959 896 64 19 96 821 688 748 478 455 602 955 177 495 238 160 266 987 227 62 127 935 680 420 831 673 272 335 777 593 927 856 814 466 412 205 819 965 532 93 211 202 395 348 406 912 655 206 656 635 797 610 369 699 539 980 755 420 745 520 774 104 353 712 972 471 363 501 533 720 577 339 669 389 17 575 528 582 46 206 157 833 350 798 44 964 416 512 692 770 244 841 870 873 296 761 630 900 125 200 921 983 516 70 784 108 525 49 551 624 495 657 620 91 920 929 100 63 822 247 606 399 699 725 268 115 158 312 178 303 667 222 448 311 917 625 71 258 403 278 170 215 922 954 829 827 233 796 901 900 234 485 243 167 612 478 874 951 381 321 906 170 415 201 484 186 720 316 418 386 17 511 62 856 519 587 647 808 124 688 511 222 943 918 677 4 326 743 982 92 868 767 471 928 77 258 913 805 541 281 29 574 368 293 167 997 725 897 943 503 218 664 195 90 963 640 168 476 547 993 538 612 406 311 976 615 859 993 970 752 499 495 407 361 444 728 230 870 473 938 328 328 707 817 378 940 36 99 566 299 823 877 9 273 849 80 674 267 28 615 960 147 160 736 237 9 875 534 400 476 264 447 420 432 253 942 29 992 183 94 158 554 681 963 616 214 335 665 549 420 595 787 649 8 979 382 767 514 658 839 11 716 603 275 639 844 128 567 565 827 307 28 917 806 269 124 748 677 82 71 623 330 257 968 767 496 460 599 751 507 841 384 211 479 460 634 75 244 567 577 182 356 275 982 293 346 414 125 262 862 367 890 676 909 326 260 72 835 741 715 94 840 438 242 687 588 722 517 105 419 127 993 360 905 307 440 896 110 561 535 678 673 206 357 643 916 86 707 435 197 484 288 593 988 417 88 247 459 718 920 20 409 943 231 295 53 334 754 261 437 200 40 57 791 854 22 234 794 235 491 258 171 875 531 499 217 216 564 866 327 188 807 108 762 285 622 784 784 247 84 577 53 823 74 757 215 732 34 744 820 244 247 953 116 824 17 881 780 907 960 883 385 727 3 394 701 480 431 117 908 412 86 880 648 718 563 229 224 425 812 322 495 592 359 873 589 403 780 620 603 184 971 44 413 628 104 368 626 354 563 124 175 692 923 317 639 225 737 626 465 539 736 172 267 142 423 223 901 526 409 898 148 723 95 851 744 323 588 959 224 683 931 838 684 737 511 138 794 650 190 231 849 494 280 935 331 190 266 517 918 89 647 105 244 353 701 338 935 882 410 919 727 598 842 422 152 305 561 688 133 267 4 906 757 181 304 664 559 921 256 264 979 34 453 715 139 656 136 659 48 295 628 1000 543 399 916 854 143 107 198 681 468 775 479 532 45 633 290 309 442 113 501 522 22 299 676 75 241 503 121 490 644 87 922 868 283 227 23 74 662 943 27 739 21 450 199 778 581 624 847 213 487 323 550 403 340 996 655 482 617 342 579 912 62 813 764 357 459 777 135 356 790 256 629 422 649 81 360 360 449 479 897 272 390 617 914 195 378 917 591 692 807 283 189 103 128 101 685 172 81 289 116 249 284 474 616 702 330 451 414 213 794 15 191 253 979 760 905 133 473 491 133 655 11 670 712 338 417 65 60 602 823 243 884 830 960 804 943 842 192 915 430 343 193 166 474 100 920 492 573 532 626 765 877 83 761 286 428 961 677 955 517 497 331 277 4 841 936 572 396 244 564 732 564 607 736 815 913 729 913 813 80 970 707 851 630 510 47 59 53 192 688 428 147 344 369 694 802 656 8 389 25 342 459 466 851 451 211 369 205 848 414 733 239 388 544 151 756 768 941 752 99 344 615 606 462 780 588 513 430 963 982 962 10 336 453 69 328 840 51 561 56 864 959 340 864 835 921 32 281 321 608 351 980 479 425 211 260 711 158 747 416 140 789 582 545 638 592 421 583 773 669 995 853 503 347 351 63 879 567 657 96 124 441 218 601 760 352 453 203 908 130 644 441 918 636 339 580 933 224 937 688 507 989 405 643 123 705 243 548 592 787 994 884 759 715 555 706 76 161 960 578 830 62 768 536 730 810 123 12 164 851 843 41 919 956 438 425 145 428 106 685 616 103 930 236 26 398 772 537 907 662 666 789 318 530 792 943 110 457 335 542 661 272 706 661 465 565 94 904 651 191 649 442 267 312 874 388 173 681 695 464 44 999 364 320 212 488 89 877 756 53 413 341 961 700 462 223 990 901 823 863 257 605 901 977 50 800 813 54 454 783 902 872 851 612 614 426 475 269 294 38 555 10 278 672 611 790 26 989 197 925 713 526 856 18 611 549 686 3 830 737 92 240 847 938 496 141 305 315 735 586 270 773 717 738 684 976 445 722 156 557 975 111 118 38 450 609 831 401 331 181 320 285 923 848 209 649 654 520 883 720 970 946 335 196 915 141 616 183 433 717 713 832 709 757 842 439 902 518 982 456 415 357 503 590 923 551 170 129 83 130 596 257 845 809 210 459 430 514 695 123 917 102 319 306 971 623 775 579 708 962 367 478 358 700 827 957 840 752 74 269 979 410 765 818 211 395 325 424 41 305 475 155 886 278 771 381 138 660 926 937 756 987 962 465 574 235 610 725 516 210 151 682 699 266 764 837 161 899 31 159 104 728 488 657 93 870 833 816 171 782 474 440 735 69 732 613 577 725 258 627 173 100 212 285 29 89 542 385 616 925 338 959 801 430 951 479 511 21 697 603 215 904 720 267 591 547 844 849 493 661 306 607 661 35 636 374 956 128 403 192 524 978 950 113 644 145 360 837 956 336 496 563 183 155 350 21 768 4 595 790 466 345 139 980 924 898 908 454 533 411 774 17 1000 682 317 898 808 548 662 661 575 370 726 825 442 840 943 855 758 185 566 321 305 491 747 60 39 702 183 823 277 170 127 257 823 911 517 471 517 437 429 634 411 948 543 990 556 197 932 17 503 773 717 105 530 500 204 763 571 11 802 160 463 537 965 542 616 376 367 13 23 738 817 325 906 155 529 151 691 707 329 493 95 922 857 876 22 630 797 856 470 984 464 914 452 938 185 371 104 322 783 421 931 402 687 935 717 485 915 99 693 711 809 835 70 753 885 222 459 326 604 645 929 434 530 994 90 397 718 36 286 348 735 774 759 995 393 7 134 690 320 468 17 760 347 538 321 459 683 312 424 737 504 644 992 434 372 378 281 400 399 504 317 302 617 939 713 21 184 405 824 990 249 179 492 968 925 820 971 113 502 284 878 28 564 280 368 139 241 532 985 938 211 692 640 672 834 298 610 605 360 876 22 685 795 638 232 308 624 418 150 802 663 253 438 997 90 353 24 962 486 120 702 766 100 355 294 131 197 2 376 283 167 332 300 328 400 569 336 865 145 478 559 451 498 101 114 771 79 175 547 660 56 40 162 830 830 308 74 434 691 785 658 738 59 559 326 204 266 214 156 289 764 624 302 300 975 911 963 496 817 348 521 582 283 324 101 538 854 206 860 448 420 238 672 187 842 267 486 511 487 823 565 164 528 3 805 805 291 636 375 696 154 46 357 771 31 523 719 190 816 254 633 976 338 67 709 822 840 140 1000 2 953 218 457 244 674 53 564 972 426 812 184 22 175 807 391 210 940 615 61 56 47 521 676 942 346 340 213 722 638 82 682 858 15 727 591 915 912 155 904 437 384 71 904 597 54 245 168 410 763 880 119 788 202 904 193 873 371 181 72 221 963 590 422 513 596 189 932 567 598 188 628 63 309 232 999 686 442 186 621 147 849 874 918 857 933 593 648 757 284 93 82 162 151 134 511 10 665 319 489 862 928 361 138 637 244 796 789 876 789 268 708 290 447 377 877 134 836 173 383 90 749 120 892 625 470 863 386 284 620 390 786 444 766 298 537 7 877 836 735 918 522 228 211 470 505 914 381 577 311 677 512 891 323 890 491 20 838 770 231 981 318 120 804 783 831 616 491 662 943 674 406 813 315 115 995 830 803 856 895 832 135 150 92 506 868 267 836 970 12 234 273 901 724 32 824 653 586 771 98 135 737 451 326 139 273 54 763 620 88 31 856 98 611 878 178 653 448 946 719 462 146 648 197 431 619 363 797 317 628 727 229 707 100 381 210 872 660 64 436 201 948 252 720 977 490 685 162 247 234 307 736 82 504 81 728 634 981 382 59 538 851 320 995 954 320 648 880 228 714 770 610 462 138 494 291 574 220 908 395 223 855 110 810 980 225 140 712 21 798 96 221 956 804 941 544 653 799 173 583 950 793 345 997 867 648 390 739 145 752 207 326 818 433 179 680 211 612 132 850 274 20 331 918 555 387 101 716 920 484 322 874 450 114 905 375 784 95 260 85 26 918 393 716 843 128 575 176 800 962 975 403 189 178 37 948 463 85 26 243 617 129 528 281 966 328 293 343 123 605 41 617 917 260 374 842 30 889 444 479 188 958 343 691 555 290 111 24 452 910 111 205 751 928 673 12 463 373 528 893 449 9 26 689 948 687 645 229 823 551 27 413 57 501 982 900 904 571 255 932 318 382 174 365 973 605 770 343 332 667 403 360 958 580 681 883 147 861 345 854 756 973 216 287 223 297 555 747 850 799 607 641 161 268 429 902 618 858 694 516 457 38 250 161 692 801 669 842 176 176 765 939 806 440 694 450 946 267 197 985 490 799 12 950 287 947 359 32 959 646 125 881 456 98 296 806 756 404 412 448 983 672 514 620 506 769 52 264 398 800 864 818 801 352 20 879 392 998 367 88 504 371 93 661 185 762 609 383 564 643 314 936 904 122 810 566 491 716 353 811 966 68 601 997 597 593 50 343 25 324 525 174 629 853 379 922 220 409 262 309 783 247 418 311 262 489 755 358 854 288 558 501 240 711 865 154 237 384 965 82 838 164 195 645 189 33 756 553 653 946 808 376 629 507 360 254 46 150 170 669 139 638 727 928 663 993 221 557 987 290 315 372 631 936 891 940 151 684 974 177 300 694 977 818 794 688 705 261 395 312 33 296 542 644 573 899 136 930 191 896 5 46 48 234 652 137 945 70 741 150 344 262 995 630 594 372 638 302 589 376 102 179 737 677 403 796 113 121 511 397 50 939 197 355 54 16 867 593 650 543 109 263 243 259 324 947 717 260 346 21 986 514 521 561 950 412 840 113 997 115 379 933 977 959 884 851 103 832 621 595 972 158 787 271 899 259 553 867 775 34 444 333 767 677 154 876 364 489 506 90 648 525 206 987 968 667 939 564 982 360 968 464 498 193 366 952 358 348 762 278 695 985 120 563 961 604 320 396 228 964 958 539 179 974 73 216 39 605 923 564 468 588 619 528 370 335 872 481 265 637 32 49 244 328 429 528 820 719 698 421 45 377 654 407 304 248 266 938 877 354 427 589 594 166 835 701 857 386 928 187 963 739 478 142 989 654 662 401 456 602 215 511 774 780 171 452 186 486 722 628 62 231 606 55 66 729 129 293 900 10 450 485 259 679 749 395 370 900 665 268 597 823 659 860 574 652 974 834 508 799 118 404 597 377 785 440 348 983 207 554 315 222 918 484 573 590 204 801 550 674 732 137 486 601 236 10 772 47 766 891 545 330 246 9 165 130 517 368 22 432 801 328 553 76 897 237 438 108 867 815 191 465 236 548 223 490 929 962 944 743 103 431 510 34 503 895 517 702 479 415 311 448 302 108 153 776 312 552 859 297 365 652 235 348 406 593 740 280 513 121 45 403 970 427 353 58 228 133 446 461 225 257 252 545 978 639 309 216 417 565 133 865 486 881 363 473 677 401 875 147 867 615 677 9 38 84 821 383 860 709 497 335 266 814 520 175 631 323 780 26 924 698 219 454 271 458 8 319 559 846 505 529 865 556 132 165 106 837 803 605 628 788 866 825 67 327 237 42 68 247 540 239 75 749 919 518 636 559 275 359 177 387 460 72 174 126 693 365 800 528 290 997 911 10 74 218 795 389 502 199 96 25 688 415 897 122 27 973 934 327 244 202 300 241 283 713 717 474 340 614 190 226 543 286 47 830 948 571 792 730 439 786 987 958 331 824 615 13 147 272 670 254 937 770 275 155 141 330 847 383 274 697 260 388 155 177 901 571 917 931 219 564 426 358 624 895 814 733 204 755 158 309 75 782 415 900 931 536 638 384 725 158 195 666 3 444 849 654 338 362 938 10 206 542 517 646 501 469 578 54 731 947 229 596 410 768 505 942 754 429 507 3 93 741 600 604 996 803 530 110 162 49 738 919 39 334 340 425 520 597 983 409 815 914 138 249 785 576 488 736 586 851 510 843 861 951 354 757 554 23 446 535 893 37 654 234 297 109 927 162 675 550 369 994 647 978 952 204 867 623 513 316 464 197 458 508 327 833 272 578 525 753 315 743 8 675 752 432 55 515 494 643 189 555 799 529 171 807 608 881 395 59 159 400 45 198 54 340 773 712 298 886 616 677 475 546 673 121 300 878 159 178 849 931 987 642 934 592 293 710 522 770 491 835 446 500 478 16 615 871 734 254 912 871 261 793 116 678 355 143 418 405 539 483 213 922 491 253 164 857 234 553 663 928 289 156 557 869 690 853 490 810 247 680 204 743 264 95 683 728 715 25 955 891 851 795 834 619 127 45 893 34 959 990 688 829 356 840 338 492 838 531 855 385 926 383 588 718 486 315 439 872 592 247 532 638 427 573 131 682 915 681 942 180 491 598 304 222 824 598 642 159 651 708 947 789 171 823 667 471 338 808 846 155 185 764 262 14 657 897 806 882 814 218 775 305 942 474 359 11 422 20 161 546 839 727 410 599 917 871 876 475 499 202 317 174 453 798 345 654 189 960 785 638 146 153 825 327 44 311 534 732 534 300 413 792 904 788 129 935 63 803 912 373 473 670 43 454 250 941 803 536 634 718 227 280 22 11 993 3 791 956 670 167 438 914 81 342 973 817 470 753 197 44 730 487 911 483 856 514 674 999 557 7 354 447 300 725 261 429 637 207 248 519 754 134 773 79 852 170 765 696 672 323 661 689 225 131 512 953 537 582 13 827 867 55 907 827 883 702 549 25 421 230 880 773 265 485 207 838 467 707 749 373 730 575 525 323 963 4 100 792 522 614 98 985 653 796 93 973 929 495 422 508 183 775 545 842 227 537 989 369 814 681 610 876 950 722 439 906 994 875 111 364 519 36 537 734 97 960 403 23 514 591 598 851 918 492 351 230 88 246 705 65 81 87 284 666 358 4 102 600 482 460 839 289 348 147 533 827 846 569 208 584 965 145 574 602 169 971 525 770 424 848 73 723 850 743 192 152 594 634 292 973 923 485 547 981 57 105 695 778 997 842 861 634 260 179 88 742 258 451 115 646 165 163 718 169 907 591 776 570 800 406 103 686 604 155 840 450 616 876 414 705 639 200 788 778 79 267 951 342 474 811 406 818 544 632 458 442 892 690 535 772 618 813 162 329 685 705 119 730 850 111 362 471 512 311 22 310 795 599 744 92 428 325 957 848 754 924 511 526 428 362 948 334 83 367 350 332 524 988 74 835 331 247 658 874 44 16 816 511 924 15 224 307 344 32 55 605 685 528 520 8 612 503 56 682 220 146 751 558 243 593 505 583 566 4 929 425 428 431 953 42 326 50 402 747 127 381 711 461 501 113 823 374 64 427 136 728 975 273 816 859 390 290 98 317 118 58 338 46 281 44 83 906 873 592 702 207 811 986 326 846 949 470 368 817 890 967 740 254 972 963 106 736 440 422 329 876 936 950 852 185 129 785 668 652 181 632 986 337 90 104 858 754 305 972 115 216 51 539 469 724 485 201 381 266 412 625 300 3 592 922 11 156 735 590 191 803 370 315 579 513 582 928 72 868 162 411 335 88 806 808 590 976 613 620 165 539 337 224 383 30 332 764 877 541 877 725 844 826 900 778 500 988 316 81 507 778 28 954 805 879 244 534 602 824 258 284 164 574 901 166 736 712 679 647 690 547 608 945 776 382 901 325 466 269 136 708 801 723 685 716 814 669 420 661 469 345 291 977 540 733 762 81 23 342 362 955 899 153 288 213 34 207 263 624 793 851 733 810 114 753 165 397 300 930 626 549 443 126 689 589 141 547 643 709 977 155 43 509 830 502 852 453 961 433 4 149 911 43 424 815 661 521 790 901 555 390 455 640 269 428 875 595 863 615 759 360 755 98 199 359 513 958 203 696 254 654 302 793 984 999 299 443 128 368 860 92 552 308 705 460 151 470 337 100 939 163 965 930 716 372 749 618 649 798 341 687 33 348 740 217 435 852 365 906 896 7 216 400 173 204 433 503 679 975 1000 451 521 160 133 337 616 997 551 758 276 892 301 767 399 714 834 645 336 636 342 53 614 645 202 584 742 131 939 317 450 979 37 951 840 224 114 573 657 88 213 790 721 34 282 183 572 528 782 443 580 359 488 16 709 794 167 317 181 972 354 909 543 916 509 401 69 111 518 192 422 642 571 346 329 298 130 203 748 931 954 168 953 444 810 684 171 447 353 583 12 755 891 424 331 170 581 973 173 47 400 939 210 996 668 148 543 514 85 550 1000 84 887 566 272 451 71 963 663 747 947 215 349 420 107 176 468 150 191 638 748 634 258 754 903 165 776 546 370 398 16 845 262 680 436 423 25 741 614 702 518 238 833 181 810 511 978 957 965 656 589 418 588 72 992 137 218 7 366 778 392 956 183 369 541 524 624 330 916 295 996 33 851 939 311 554 764 477 521 965 205 242 55 51 598 668 705 791 903 111 902 615 451 985 21 655 341 96 441 30 872 232 381 284 37 877 779 524 222 850 692 622 364 179 534 82 527 238 932 988 614 942 890 43 89 12 135 258 970 510 537 370 427 780 411 807 128 236 467 908 850 413 170 946 53 363 341 937 750 299 310 583 460 754 180 654 536 580 581 439 675 407 866 737 892 744 197 573 887 279 597 241 364 873 39 796 213 958 164 90 60 284 664 492 849 684 414 954 50 115 505 428 900 791 786 311 812 578 143 71 382 7 721 277 466 977 870 436 21 905 216 90 889 308 369 385 802 174 15 469 766 237 463 535 398 786 253 361 4 16 617 341 206 815 358 794 324 275 850 538 987 330 859 59 155 664 1 285 992 218 750 562 289 598 865 102 829 41 141 683 897 725 693 342 820 84 306 769 763 342 423 785 558 759 524 789 574 590 689 972 68 149 823 757 469 966 740 591 699 234 10 753 352 519 7 747 182 615 419 956 279 14 139 143 458 993 474 498 226 933 942 155 222 26 986 906 176 723 821 606 94 696 566 371 470 353 343 615 770 820 113 848 321 12 974 245 930 596 552 683 167 25 899 865 702 439 10 592 204 77 617 28 250 124 123 143 229 9 643 822 894 638 730 492 26 119 774 115 702 535 893 554 277 754 911 938 107 379 348 467 181 430 854 673 438 196 351 615 750 312 250 929 234 609 597 15 641 62 743 13 934 472 844 696 422 44 185 873 335 1 306 19 362 306 79 185 743 406 650 118 466 192 803 997 490 416 29 603 521 252 462 181 336 554 517 55 115 470 443 844 355 106 344 842 770 714 898 629 436 372 586 905 208 942 881 989 563 692 245 788 394 431 996 234 410 108 272 104 608 27 72 905 899 678 875 482 762 706 104 651 696 398 522 35 38 301 927 846 64 835 979 886 163 492 109 938 892 916 808 327 229 396 611 449 323 783 724 337 438 166 686 387 124 539 344 798 549 9 846 409 829 218 865 340 302 406 192 952 850 225 767 792 467 672 354 92 103 668 23 850 234 685 850 951 349 600 106 739 81 156 842 591 411 771 40 963 930 764 961 918 19 319 218 758 158 247 33 753 649 714 31 592 739 767 891 349 410 803 418 85 223 692 217 48 326 882 964 55 936 668 260 896 439 723 244 358 304 991 964 227 695 460 798 445 977 751 85 151 483 166 658 698 172 616 637 702 591 574 116 291 141 898 517 747 131 687 138 970 153 90 467 129 630 798 699 439 474 171 311 613 172 202 836 436 173 344 627 443 511 435 959 29 941 925 413 516 674 5 271 664 205 426 907 30 747 335 302 194 139 378 994 628 401 55 328 383 929 725 723 237 285 823 741 399 781 188 925 448 517 488 520 893 367 601 221 587 647 347 445 166 771 94 991 917 298 185 426 100 410 960 864 157 127 238 421 423 998 376 671 172 886 326 455 582 940 763 476 79 482 761 686 322 589 622 101 910 614 146 726 132 81 97 849 201 312 492 796 180 167 645 673 104 784 547 720 736 910 135 196 385 732 197 35 55 646 469 885 264 121 890 838 15 319 657 143 998 293 478 315 847 221 181 658 355 360 675 522 694 239 274 12 195 139 650 39 853 279 216 793 169 210 369 563 589 91 618 308 415 129 59 905 89 595 362 56 471 67 22 920 554 533 137 733 288 555 534 737 326 545 196 705 126 653 959 198 702 773 392 883 695 856 952 333 318 203 971 785 238 54 119 338 253 618 220 691 964 584 951 881 315 806 567 758 80 495 576 569 629 244 882 604 647 928 805 569 157 34 636 489 204 180 794 325 680 971 288 278 835 929 337 644 111 147 739 562 172 642 501 531 165 490 764 889 811 362 3 165 406 591 630 706 55 842 734 458 449 84 348 629 641 930 220 640 461 526 175 898 161 892 441 483 488 661 651 78 119 853 764 598 103 563 637 326 448 913 607 441 517 181 79 518 97 846 151 626 81 397 259 429 435 935 676 448 435 353 474 526 177 746 346 547 922 651 287 357 594 776 752 193 346 668 384 768 210 583 368 635 902 525 814 709 124 996 463 115 812 635 856 591 21 848 357 202 880 391 27 891 171 996 400 8 508 758 14 163 475 50 586 424 490 406 836 573 886 318 820 607 484 630 843 833 902 202 444 222 250 517 999 559 623 570 14 931 89 478 228 827 968 980 161 204 688 729 41 68 119 712 112 226 520 565 388 822 918 148 450 877 368 698 190 372 587 44 490 772 433 692 962 185 516 448 314 62 494 547 640 116 61 489 264 588 783 697 796 416 673 270 85 729 686 896 949 980 541 248 443 532 96 461 599 851 386 707 11 409 463 26 659 33 728 933 738 46 550 631 426 815 241 369 765 997 116 950 929 8 667 224 853 321 150 548 405 211 591 226 402 438 746 184 118 360 395 976 481 487 545 677 361 677 175 792 883 786 94 621 141 356 529 705 678 480 543 80 307 772 712 679 332 49 696 900 321 701 294 775 468 678 465 869 416 76 477 285 225 12 385 277 104 378 258 785 205 140 729 986 957 129 19 977 178 855 867 398 98 878 369 5 877 891 223 72 20 183 664 842 502 711 160 492 554 685 367 272 669 465 283 685 835 279 252 232 855 910 72 595 945 27 896 644 616 993 605 8 88 649 396 907 846 67 956 859 111 20 55 919 247 71 415 704 192 818 815 224 864 17 794 71 516 631 512 491 37 860 784 717 488 740 283 59 84 901 476 257 331 878 846 669 220 824 166 428 153 724 201 386 119 115 391 275 277 57 767 726 770 636 40 94 885 912 885 810 969 972 207 494 1000 710 425 120 185 5 155 407 117 207 486 164 679 328 219 811 100 763 571 384 363 834 969 560 757 821 800 93 601 267 524 56 645 366 106 542 198 88 722 865 121 799 331 560 250 815 87 839 844 207 794 853 753 507 944 567 276 719 897 973 649 506 839 259 480 375 946 280 959 294 483 547 358 36 312 410 249 887 925 862 1000 773 438 936 63 112 514 22 546 322 609 450 286 198 88 937 856 678 714 938 827 528 703 306 181 522 255 727 445 289 929 871 695 680 34 733 306 651 956 621 768 675 127 846 663 394 691 573 878 974 79 989 147 101 174 708 814 353 750 409 425 530 818 90 483 122 592 758 989 379 223 437 280 533 602 951 458 914 517 984 96 47 167 358 704 319 622 654 725 567 379 518 86 783 421 994 678 156 80 46 914 714 278 124 850 952 686 699 241 835 52 358 789 481 912 667 59 779 189 162 705 155 499 640 39 928 276 978 194 695 20 471 863 75 397 502 854 24 820 314 286 550 710 470 898 253 821 703 324 631 784 620 222 605 552 462 316 479 85 65 996 959 159 95 573 38 362 631 214 422 835 654 261 70 895 158 596 305 77 75 833 926 28 470 370 423 362 24 582 944 881 127 783 157 950 543 390 542 915 190 62 73 832 952 968 722 372 538 250 332 68 928 960 668 461 309 610 142 975 323 474 381 808 321 54 499 23 864 214 369 758 641 143 847 948 102 751 586 634 930 806 510 439 16 206 878 685 639 381 667 675 603 746 503 475 600 515 285 379 645 771 546 681 538 631 356 969 966 380 590 34 983 296 205 477 469 948 256 687 359 470 335 989 11 199 121 354 849 310 874 824 729 808 165 770 19 329 286 966 399 741 248 588 870 568 297 277 206 557 345 485 182 609 496 423 516 506 357 951 291 965 709 928 622 404 31 777 455 442 241 235 104 47 569 332 617 986 129 387 293 812 153 66 373 829 493 551 433 698 260 218 845 979 705 381 576 108 716 802 839 827 143 306 101 495 651 791 549 437 583 183 932 566 867 733 438 154 550 329 921 622 462 45 513 842 521 577 447 102 192 254 30 656 312 217 158 406 990 761 316 200 607 430 25 726 321 5 246 243 692 354 453 919 723 55 687 389 584 64 751 517 869 820 514 751 340 741 820 942 944 14 214 172 286 393 560 249 445 499 220 144 740 811 246 96 343 863 50 386 37 224 789 837 188 208 836 982 387 812 615 480 757 629 908 599 424 655 5 527 85 960 281 697 875 735 584 353 491 927 951 167 855 177 190 452 827 648 761 75 724 662 36 505 597 93 997 97 501 450 116 135 376 614 60 139 854 884 625 189 390 433 958 323 364 672 807 50 763 74 175 453 688 132 207 314 621 296 96 417 638 199 984 685 340 955 57 170 34 752 577 113 83 972 38 469 576 194 359 802 120 666 30 690 622 620 447 202 379 20 140 335 295 350 345 438 372 100 808 716 886 438 797 940 510 713 578 82 457 834 545 657 273 622 443 935 152 228 897 855 957 553 801 706 192 497 547 217 370 973 487 292 659 237 464 519 217 48 709 466 988 71 52 265 456 281 288 868 770 388 607 392 944 794 573 602 350 151 307 464 856 690 177 787 26 490 736 905 639 164 88 992 497 473 827 16 873 215 989 413 697 636 255 590 264 765 704 455 505 811 588 423 332 405 482 440 166 318 858 109 655 384 679 603 150 506 516 76 507 300 544 964 695 229 747 713 563 889 638 531 578 774 194 978 150 567 838 653 602 73 867 133 309 227 284 699 967 597 687 792 360 459 502 368 970 759 292 320 608 777 453 791 179 975 126 677 910 424 8 803 898 429 810 144 682 553 972 630 148 24 271 133 829 750 652 210 114 356 196 116 12 13 841 168 348 845 29 724 810 36 828 639 509 920 312 81 361 695 868 895 332 760 567 648 844 724 331 283 185 626 534 440 87 350 644 127 787 293 773 179 16 424 413 796 158 346 211 824 40 549 900 596 211 190 711 175 544 886 274 71 437 70 398 99 112 743 396 506 690 879 330 96 79 463 605 556 755 796 493 758 453 974 917 42 958 545 487 508 790 821 16 217 551 350 409 433 882 474 911 165 391 155 870 831 875 128 287 284 757 606 775 119 417 329 82 170 145 62 448 32 513 697 79 694 219 924 601 400 104 337 137 256 452 415 525 167 314 170 498 747 118 45 617 696 374 788 930 212 491 376 865 635 992 273 863 569 69 985 332 843 380 372 614 825 401 523 948 898 70 252 632 386 249 418 411 535 859 860 507 124 396 658 81 355 423 173 857 780 376 386 978 907 287 701 9 224 757 534 270 537 491 252 648 150 973 889 857 678 734 675 328 575 457 147 669 360 608 951 735 831 91 978 327 436 845 722 444 37 574 329 983 687 407 519 957 29 113 242 833 514 565 343 190 214 783 383 947 230 633 542 531 852 843 193 510 233 278 6 607 903 233 679 6 755 52 381 555 883 296 649 800 640 242 197 396 371 223 121 767 152 455 137 115 468 667 930 933 451 612 474 478 189 509 522 876 800 853 595 597 446 7 310 145 406 517 241 813 378 975 973 793 581 558 706 22 232 254 704 991 558 118 418 204 961 23 898 453 448 313 608 987 66 789 78 857 803 548 175 495 892 973 67 820 383 198 989 728 647 856 804 382 867 845 826 812 53 238 702 826 952 661 792 826 403 178 20 393 701 804 333 452 368 406 834 787 770 887 31 819 12 246 185 415 563 69 758 520 158 544 291 117 590 433 179 68 321 699 335 346 768 985 913 6 454 966 275 657 723 427 330 931 371 925 789 913 409 976 801 109 725 451 182 988 139 699 560 790 109 12 956 886 971 914 729 852 959 514 210 456 58 881 310 584 792 525 72 98 642 649 333 106 641 622 999 503 197 853 433 851 422 371 305 806 35 589 184 363 284 276 245 636 319 553 447 505 76 477 420 728 608 650 445 859 638 450 831 832 158 620 35 396 774 144 315 610 750 155 308 602 24 648 957 329 657 706 830 916 386 234 290 961 357 948 506 54 58 968 449 154 26 708 88 418 42 63 199 437 319 469 300 958 969 929 295 666 200 545 572 333 846 168 850 919 911 83 673 498 566 266 90 293 433 59 436 955 102 670 465 265 687 906 558 455 668 60 184 179 69 723 252 628 728 760 399 812 134 486 283 695 390 234 522 206 537 598 238 521 811 520 637 118 441 384 840 89 399 319 828 348 705 855 60 830 174 994 954 360 692 687 196 673 102 841 619 331 835 418 730 191 421 874 1000 976 381 594 242 727 935 915 286 927 625 778 653 854 250 526 93 160 679 236 308 378 766 576 763 483 933 276 416 97 257 72 651 322 953 362 336 297 526 870 509 113 428 495 461 165 689 544 299 50 542 251 951 573 707 845 272 874 106 8 783 583 977 460 321 168 933 544 716 656 14 455 777 567 158 553 741 303 92 27 877 343 249 732 56 152 917 80 752 651 744 794 90 568 56 203 41 684 497 529 531 573 442 822 72 336 947 371 253 624 950 330 491 195 298 246 781 60 877 813 816 431 703 478 614 258 863 282 919 503 423 441 61 322 439 156 673 765 705 607 30 103 850 631 900 974 14 237 748 453 679 29 354 364 118 260 356 85 143 91 531 216 269 702 717 785 285 196 896 447 135 122 424 172 973 846 103 132 648 78 154 313 457 9 274 602 697 154 729 576 910 599 338 417 204 157 224 676 223 401 760 158 817 66 909 504 528 596 607 778 844 180 729 536 860 554 180 551 371 46 815 753 385 982 742 580 191 970 588 391 254 816 503 784 362 108 603 80 167 843 628 564 370 637 989 729 743 100 672 532 475 973 442 122 585 643 615 18 656 210 476 74 874 7 987 676 429 906 901 253 823 107 433 149 265 605 660 187 260 319 862 464 168 505 808 38 403 317 487 716 20 822 439 887 423 444 778 220 4 742 767 407 673 633 469 357 870 22 521 499 702 877 805 560 614 283 714 896 63 418 741 237 953 97 171 340 958 962 274 51 236 880 343 893 996 911 345 153 63 193 292 791 237 984 851 848 297 175 332 108 991 190 755 282 739 125 777 136 498 964 973 994 421 835 395 220 993 696 534 493 328 205 929 930 209 537 898 55 448 374 323 835 726 244 785 968 692 265 792 557 881 940 435 594 639 69 675 495 441 865 297 674 611 541 909 392 295 539 506 483 145 696 878 406 637 608 376 962 544 446 486 457 264 638 6 230 757 271 817 315 399 937 210 440 666 734 815 245 554 363 553 492 274 812 816 110 250 551 213 913 778 839 640 73 732 407 303 819 505 840 435 99 784 81 332 347 396 837 847 676 700 936 527 549 717 69 269 856 627 458 786 271 181 181 156 557 649 423 431 700 691 619 927 251 920 293 34 65 905 76 192 557 860 946 851 256 403 86 273 654 345 40 129 907 616 618 268 982 62 764 706 589 325 759 929 233 369 230 797 497 615 4 817 306 574 624 271 492 431 952 704 56 38 999 803 941 32 798 610 932 22 601 112 615 25 447 873 620 112 861 375 846 248 875 534 187 105 897 527 943 587 677 239 411 37 590 674 53 711 505 947 465 817 924 993 548 358 653 28 293 420 641 682 160 500 787 557 993 929 24 490 784 262 16 564 292 25 974 299 245 810 641 177 315 778 47 465 519 232 205 625 314 224 704 695 212 714 256 71 302 329 531 480 575 208 541 38 295 311 774 945 692 789 803 772 846 828 453 63 143 88 71 792 315 176 899 762 957 283 509 884 600 562 160 205 371 607 743 632 875 709 269 663 887 587 81 488 929 871 355 429 276 238 761 673 994 691 509 646 619 353 934 604 506 241 759 747 113 443 394 833 753 312 168 65 520 193 47 863 81 313 159 994 476 327 969 481 870 141 431 418 830 83 58 109 403 302 56 197 529 472 299 98 216 389 437 814 927 672 765 545 538 715 537 56 582 874 174 303 973 130 955 841 929 246 86 736 341 205 408 394 323 258 27 802 196 925 33 912 304 424 275 654 768 390 252 117 284 571 289 111 438 766 921 480 447 699 471 373 752 653 23 297
